Internal rotor b6 of species Butane
          Angle         Potential          Series
              0,               0,        -11.7813
      0.0872665,         7.68162,         16.1654
       0.174533,         76.5967,         93.8852
       0.261799,         216.841,         205.516
       0.349066,         348.307,         331.747
       0.436332,         458.922,         456.914
       0.523599,         550.882,         573.587
       0.610865,          672.69,         682.699
       0.698132,         798.669,         789.466
       0.785398,         918.941,         897.399
       0.872665,         1011.12,         1003.52
       0.959931,          1085.3,         1097.16
         1.0472,         1139.51,          1162.8
        1.13446,         1179.46,         1185.63
        1.22173,         1177.04,         1157.22
          1.309,         1097.59,         1078.83
        1.39626,          952.96,         961.444
        1.48353,         816.446,         822.617
         1.5708,         686.956,         682.063
        1.65806,         552.199,         557.505
        1.74533,          451.24,         462.118
         1.8326,         405.589,          403.77
        1.91986,         395.494,         385.613
        2.00713,         416.124,         407.336
         2.0944,         450.582,         466.612
        2.18166,         552.418,         560.597
        2.26893,         692.882,         687.342
        2.35619,         859.024,         846.817
        2.44346,         1043.38,         1040.91
        2.53073,         1257.37,         1271.84
        2.61799,         1527.98,         1538.97
        2.70526,         1845.56,          1834.9
        2.79253,         2156.34,         2142.49
        2.87979,         2428.05,         2434.77
        2.96706,         2664.64,         2678.46
        3.05433,         2847.91,         2840.85
        3.14159,         2913.53,         2897.93
        3.22886,         2845.05,         2840.85
        3.31613,         2659.82,         2678.46
        3.40339,         2422.34,         2434.77
        3.49066,         2152.83,         2142.49
        3.57792,         1845.78,          1834.9
        3.66519,         1531.71,         1538.97
        3.75246,         1263.08,         1271.84
        3.83972,         1048.65,         1040.91
        3.92699,         860.122,         846.817
        4.01426,         690.029,         687.342
        4.10152,         548.248,         560.597
        4.18879,         448.168,         466.612
        4.27606,         416.783,         407.336
        4.36332,         399.225,         385.613
        4.45059,         411.296,          403.77
        4.53786,         456.508,         462.118
        4.62512,         555.491,         557.505
        4.71239,         687.176,         682.063
        4.79966,         813.813,         822.617
        4.88692,          948.57,         961.444
        4.97419,         1092.77,         1078.83
        5.06145,         1173.75,         1157.22
        5.14872,         1179.02,         1185.63
        5.23599,         1141.93,          1162.8
        5.32325,         1089.25,         1097.16
        5.41052,         1014.63,         1003.52
        5.49779,         918.941,         897.399
        5.58505,         795.157,         789.466
        5.67232,         668.301,         682.699
        5.75959,         547.809,         573.587
        5.84685,         458.702,         456.914
        5.93412,          350.94,         331.747
        6.02139,          221.45,         205.516
        6.10865,         81.2057,         93.8852
        6.19592,         10.5348,         16.1654

Internal rotor b6 of species Butyl
          Angle         Potential          Series
              0,               0,        -11.7813
      0.0872665,         7.68162,         16.1654
       0.174533,         76.5967,         93.8852
       0.261799,         216.841,         205.516
       0.349066,         348.307,         331.747
       0.436332,         458.922,         456.914
       0.523599,         550.882,         573.587
       0.610865,          672.69,         682.699
       0.698132,         798.669,         789.466
       0.785398,         918.941,         897.399
       0.872665,         1011.12,         1003.52
       0.959931,          1085.3,         1097.16
         1.0472,         1139.51,          1162.8
        1.13446,         1179.46,         1185.63
        1.22173,         1177.04,         1157.22
          1.309,         1097.59,         1078.83
        1.39626,          952.96,         961.444
        1.48353,         816.446,         822.617
         1.5708,         686.956,         682.063
        1.65806,         552.199,         557.505
        1.74533,          451.24,         462.118
         1.8326,         405.589,          403.77
        1.91986,         395.494,         385.613
        2.00713,         416.124,         407.336
         2.0944,         450.582,         466.612
        2.18166,         552.418,         560.597
        2.26893,         692.882,         687.342
        2.35619,         859.024,         846.817
        2.44346,         1043.38,         1040.91
        2.53073,         1257.37,         1271.84
        2.61799,         1527.98,         1538.97
        2.70526,         1845.56,          1834.9
        2.79253,         2156.34,         2142.49
        2.87979,         2428.05,         2434.77
        2.96706,         2664.64,         2678.46
        3.05433,         2847.91,         2840.85
        3.14159,         2913.53,         2897.93
        3.22886,         2845.05,         2840.85
        3.31613,         2659.82,         2678.46
        3.40339,         2422.34,         2434.77
        3.49066,         2152.83,         2142.49
        3.57792,         1845.78,          1834.9
        3.66519,         1531.71,         1538.97
        3.75246,         1263.08,         1271.84
        3.83972,         1048.65,         1040.91
        3.92699,         860.122,         846.817
        4.01426,         690.029,         687.342
        4.10152,         548.248,         560.597
        4.18879,         448.168,         466.612
        4.27606,         416.783,         407.336
        4.36332,         399.225,         385.613
        4.45059,         411.296,          403.77
        4.53786,         456.508,         462.118
        4.62512,         555.491,         557.505
        4.71239,         687.176,         682.063
        4.79966,         813.813,         822.617
        4.88692,          948.57,         961.444
        4.97419,         1092.77,         1078.83
        5.06145,         1173.75,         1157.22
        5.14872,         1179.02,         1185.63
        5.23599,         1141.93,          1162.8
        5.32325,         1089.25,         1097.16
        5.41052,         1014.63,         1003.52
        5.49779,         918.941,         897.399
        5.58505,         795.157,         789.466
        5.67232,         668.301,         682.699
        5.75959,         547.809,         573.587
        5.84685,         458.702,         456.914
        5.93412,          350.94,         331.747
        6.02139,          221.45,         205.516
        6.10865,         81.2057,         93.8852
        6.19592,         10.5348,         16.1654


Generalized rotation inertia tensor:
{
        148.943,    0.000399471,    0.000509877,   -7.60679e-06,   -1.76216e-05,    2.02785e-05,
    0.000399471,        87.5997,        -58.934,     -0.0133714,       0.326555,      -0.329879,
    0.000509877,        -58.934,         73.721,      0.0030574,        2.35988,       -2.35799,
   -7.60679e-06,     -0.0133714,      0.0030574,        10.8312,       0.633138,       0.629695,
   -1.76216e-05,       0.326555,        2.35988,       0.633138,        2.93298,       0.193543,
    2.02785e-05,      -0.329879,       -2.35799,       0.629695,       0.193543,        2.93298,
}


Inverse of Generalized rotation inertia tensor:
{
     0.00671396,   -1.58685e-07,   -1.87832e-07,    4.95257e-09,    2.23315e-07,   -2.31076e-07,
   -1.58685e-07,      0.0272485,      0.0232745,     3.4421e-05,     -0.0233059,      0.0233069,
   -1.87832e-07,      0.0232745,      0.0342358,    2.97937e-05,      -0.032273,      0.0322651,
    4.95257e-09,     3.4421e-05,    2.97937e-05,      0.0945525,     -0.0191845,     -0.0190061,
    2.23315e-07,     -0.0233059,      -0.032273,     -0.0191845,       0.376908,     -0.0493201,
   -2.31076e-07,      0.0233069,      0.0322651,     -0.0190061,     -0.0493201,       0.376846,
}

Generalized rotation inertia tensor:
{
        148.017,       -5.26364,       -5.11727,       -2.55962,      -0.237509,       -0.29912,
       -5.26364,        88.2951,       -58.4863,       0.210544,       0.383006,      -0.339184,
       -5.11727,       -58.4863,        73.4901,     0.00302492,        2.32653,       -2.32471,
       -2.55962,       0.210544,     0.00302492,        10.8889,       0.642128,       0.638686,
      -0.237509,       0.383006,        2.32653,       0.642128,        2.93667,       0.190017,
       -0.29912,      -0.339184,       -2.32471,       0.638686,       0.190017,        2.93665,
}


Inverse of Generalized rotation inertia tensor:
{
     0.00691622,     0.00175067,     0.00200157,     0.00156131,    -0.00174259,     0.00226435,
     0.00175067,      0.0267721,      0.0228782,   -0.000102543,     -0.0229335,      0.0228876,
     0.00200157,      0.0228782,       0.033966,     2.9262e-05,      -0.031794,      0.0317854,
     0.00156131,   -0.000102543,     2.9262e-05,      0.0944657,     -0.0193017,     -0.0191259,
    -0.00174259,     -0.0229335,      -0.031794,     -0.0193017,       0.375894,     -0.0481196,
     0.00226435,      0.0228876,      0.0317854,     -0.0191259,     -0.0481196,       0.375834,
}

Generalized rotation inertia tensor:
{
        145.329,       -10.0118,       -10.0795,       -5.04146,      -0.391825,      -0.546507,
       -10.0118,        90.2977,       -57.1567,       0.875528,       0.527877,      -0.365035,
       -10.0795,       -57.1567,        72.8045,     0.00292849,        2.23508,        -2.2334,
       -5.04146,       0.875528,     0.00292849,        11.0603,       0.667059,       0.663629,
      -0.391825,       0.527877,        2.23508,       0.667059,        2.94667,       0.179685,
      -0.546507,      -0.365035,        -2.2334,       0.663629,       0.179685,        2.94657,
}


Inverse of Generalized rotation inertia tensor:
{
     0.00748609,     0.00326401,     0.00383408,     0.00310885,    -0.00345795,     0.00420961,
     0.00326401,      0.0254193,      0.0217428,   -0.000515219,     -0.0218173,      0.0216812,
     0.00383408,      0.0217428,      0.0332033,    2.77588e-05,     -0.0304317,      0.0304212,
     0.00310885,   -0.000515219,    2.77588e-05,      0.0942261,     -0.0196576,     -0.0194891,
    -0.00345795,     -0.0218173,     -0.0304317,     -0.0196576,       0.373076,     -0.0447336,
     0.00420961,      0.0216812,      0.0304212,     -0.0194891,     -0.0447336,        0.37302,
}

Generalized rotation inertia tensor:
{
        141.141,        -13.787,       -14.7356,       -7.37012,        -0.4185,      -0.711352,
        -13.787,        93.3659,       -54.9856,        1.96138,       0.703305,      -0.402513,
       -14.7356,       -54.9856,        71.6849,     0.00277103,        2.10605,       -2.10451,
       -7.37012,        1.96138,     0.00277103,        11.3402,       0.703066,       0.699669,
        -0.4185,       0.703305,        2.10605,       0.703066,        2.96041,       0.163476,
      -0.711352,      -0.402513,       -2.10451,       0.699669,       0.163476,        2.96022,
}


Inverse of Generalized rotation inertia tensor:
{
     0.00832508,     0.00435348,     0.00536392,     0.00462619,    -0.00508083,     0.00559304,
     0.00435348,      0.0234031,      0.0200163,    -0.00120833,     -0.0199932,      0.0198483,
     0.00536392,      0.0200163,      0.0320729,     2.5557e-05,     -0.0283868,      0.0283739,
     0.00462619,    -0.00120833,     2.5557e-05,      0.0938944,     -0.0202657,     -0.0201079,
    -0.00508083,     -0.0199932,     -0.0283868,     -0.0202657,       0.369023,     -0.0397096,
     0.00559304,      0.0198483,      0.0283739,     -0.0201079,     -0.0397096,       0.368973,
}

Generalized rotation inertia tensor:
{
        135.858,        -16.242,       -18.9438,       -9.47484,      -0.321411,      -0.789314,
        -16.242,        97.1297,        -52.039,         3.4351,       0.849324,       -0.44636,
       -18.9438,        -52.039,        70.1653,     0.00255733,        1.96149,       -1.96003,
       -9.47484,         3.4351,     0.00255733,        11.7201,       0.744942,       0.741604,
      -0.321411,       0.849324,        1.96149,       0.744942,        2.97519,       0.143097,
      -0.789314,       -0.44636,       -1.96003,       0.741604,       0.143097,        2.97492,
}


Inverse of Generalized rotation inertia tensor:
{
     0.00930355,     0.00491793,     0.00651731,     0.00609479,     -0.0065244,     0.00629477,
     0.00491793,      0.0210222,      0.0179034,    -0.00218914,     -0.0175739,      0.0176458,
     0.00651731,      0.0179034,      0.0307384,    2.30115e-05,      -0.025924,      0.0259088,
     0.00609479,    -0.00218914,    2.30115e-05,      0.0935656,      -0.021149,     -0.0210035,
     -0.0065244,     -0.0175739,      -0.025924,      -0.021149,       0.364433,     -0.0337054,
     0.00629477,      0.0176458,      0.0259088,     -0.0210035,     -0.0337054,       0.364389,
}

Generalized rotation inertia tensor:
{
        129.979,       -17.1787,       -22.5765,       -11.2917,      -0.136155,      -0.793972,
       -17.1787,        101.135,       -48.4064,        5.25191,       0.925707,      -0.492747,
       -22.5765,       -48.4064,         68.292,     0.00229387,        1.81766,       -1.81618,
       -11.2917,        5.25191,     0.00229387,        12.1884,       0.788889,       0.785634,
      -0.136155,       0.925707,        1.81766,       0.788889,        2.98908,       0.120576,
      -0.793972,      -0.492747,       -1.81618,       0.785634,       0.120576,        2.98872,
}


Inverse of Generalized rotation inertia tensor:
{
      0.0102939,     0.00494625,     0.00728235,     0.00749673,     -0.0077247,     0.00631646,
     0.00494625,      0.0185911,      0.0156139,    -0.00346882,     -0.0147318,      0.0153735,
     0.00728235,      0.0156139,      0.0293572,    2.04601e-05,     -0.0233006,      0.0232832,
     0.00749673,    -0.00346882,    2.04601e-05,      0.0933625,     -0.0223414,     -0.0222084,
     -0.0077247,     -0.0147318,     -0.0233006,     -0.0223414,       0.359928,     -0.0272882,
     0.00631646,      0.0153735,      0.0232832,     -0.0222084,     -0.0272882,       0.359891,
}

Generalized rotation inertia tensor:
{
        124.045,       -16.5686,       -25.5232,       -12.7654,      0.0919786,      -0.745372,
       -16.5686,        104.899,       -44.1982,        7.35661,       0.916546,      -0.539655,
       -25.5232,       -44.1982,        66.1219,     0.00198867,        1.68338,       -1.68182,
       -12.7654,        7.35661,     0.00198867,        12.7309,       0.832892,       0.829734,
      0.0919786,       0.916546,        1.68338,       0.832892,        3.00104,      0.0976595,
      -0.745372,      -0.539655,       -1.68182,       0.829734,      0.0976595,        3.00063,
}


Inverse of Generalized rotation inertia tensor:
{
      0.0111931,     0.00449592,     0.00769222,     0.00881673,    -0.00866483,     0.00574442,
     0.00449592,      0.0163807,      0.0133198,     -0.0050655,     -0.0116394,       0.013308,
     0.00769222,      0.0133198,      0.0280501,    1.81607e-05,     -0.0207165,      0.0206973,
     0.00881673,     -0.0050655,    1.81607e-05,      0.0934285,     -0.0238895,     -0.0237681,
    -0.00866483,     -0.0116394,     -0.0207165,     -0.0238895,       0.355966,     -0.0208366,
     0.00574442,       0.013308,      0.0206973,     -0.0237681,     -0.0208366,       0.355935,
}

Generalized rotation inertia tensor:
{
        118.576,       -14.5539,       -27.6943,       -13.8513,       0.322346,      -0.662632,
       -14.5539,        107.967,       -39.5422,        9.68526,       0.824673,      -0.586437,
       -27.6943,       -39.5422,        63.7209,       0.001651,        1.56183,       -1.56013,
       -13.8513,        9.68526,       0.001651,        13.3312,       0.876283,        0.87323,
       0.322346,       0.824673,        1.56183,       0.876283,        3.01075,      0.0755007,
      -0.662632,      -0.586437,       -1.56013,        0.87323,      0.0755007,        3.01028,
}


Inverse of Generalized rotation inertia tensor:
{
      0.0119298,     0.00366182,     0.00780182,      0.0100415,    -0.00936806,      0.0047049,
     0.00366182,      0.0145914,      0.0111384,    -0.00700819,    -0.00841963,      0.0116654,
     0.00780182,      0.0111384,      0.0268923,    1.62768e-05,     -0.0182997,      0.0182789,
      0.0100415,    -0.00700819,    1.62768e-05,      0.0939226,     -0.0258547,     -0.0257433,
    -0.00936806,    -0.00841963,     -0.0182997,     -0.0258547,       0.352835,      -0.014536,
      0.0047049,      0.0116654,      0.0182789,     -0.0257433,      -0.014536,       0.352809,
}

Generalized rotation inertia tensor:
{
        114.014,       -11.4281,        -29.024,       -14.5164,       0.524598,      -0.561149,
       -11.4281,         109.97,       -34.5799,        12.1671,       0.664063,      -0.633202,
        -29.024,       -34.5799,         61.162,     0.00129111,        1.45291,       -1.45104,
       -14.5164,        12.1671,     0.00129111,        13.9709,        0.91914,       0.916195,
       0.524598,       0.664063,        1.45291,        0.91914,        3.01822,      0.0546874,
      -0.561149,      -0.633202,       -1.45104,       0.916195,      0.0546874,        3.01771,
}


Inverse of Generalized rotation inertia tensor:
{
      0.0124611,     0.00255093,     0.00766901,      0.0111566,    -0.00987672,     0.00333178,
     0.00255093,      0.0133565,     0.00913553,    -0.00934003,    -0.00512743,      0.0105983,
     0.00766901,     0.00913553,       0.025919,    1.48949e-05,      -0.016116,      0.0160934,
      0.0111566,    -0.00934003,    1.48949e-05,      0.0950164,     -0.0283156,     -0.0282124,
    -0.00987672,    -0.00512743,      -0.016116,     -0.0283156,         0.3507,    -0.00842036,
     0.00333178,      0.0105983,      0.0160934,     -0.0282124,    -0.00842036,       0.350676,
}

Generalized rotation inertia tensor:
{
         110.68,       -7.59906,       -29.4718,       -14.7403,       0.679248,      -0.452471,
       -7.59906,        110.665,       -29.4622,        14.7267,       0.453901,      -0.680321,
       -29.4718,       -29.4622,        58.5229,    0.000919944,        1.35511,       -1.35306,
       -14.7403,        14.7267,    0.000919944,        14.6307,       0.961816,       0.958976,
       0.679248,       0.453901,        1.35511,       0.961816,        3.02367,      0.0354192,
      -0.452471,      -0.680321,       -1.35306,       0.958976,      0.0354192,        3.02314,
}


Inverse of Generalized rotation inertia tensor:
{
      0.0127647,     0.00126893,     0.00734427,      0.0121404,     -0.0102318,     0.00175191,
     0.00126893,      0.0127603,     0.00733986,       -0.01212,    -0.00175437,      0.0102118,
     0.00734427,     0.00733986,       0.025137,    1.40532e-05,     -0.0141877,      0.0141633,
      0.0121404,       -0.01212,    1.40532e-05,      0.0968921,     -0.0313688,      -0.031272,
     -0.0102318,    -0.00175437,     -0.0141877,     -0.0313688,       0.349651,    -0.00242211,
     0.00175191,      0.0102118,      0.0141633,      -0.031272,    -0.00242211,        0.34963,
}

Generalized rotation inertia tensor:
{
        108.736,       -3.53916,       -29.0241,       -14.5164,       0.776266,      -0.345135,
       -3.53916,         109.97,       -24.3444,        17.2863,       0.214766,      -0.728084,
       -29.0241,       -24.3444,        55.8837,    0.000548779,        1.26663,        -1.2644,
       -14.5164,        17.2863,    0.000548779,        15.2905,        1.00461,        1.00187,
       0.776266,       0.214766,        1.26663,        1.00461,        3.02735,      0.0176939,
      -0.345135,      -0.728084,        -1.2644,        1.00187,      0.0176939,         3.0268,
}


Inverse of Generalized rotation inertia tensor:
{
      0.0128315,   -8.25094e-05,     0.00686714,      0.0129565,     -0.0104576,    8.44615e-05,
   -8.25094e-05,       0.012856,     0.00575734,     -0.0154213,      0.0017559,      0.0105823,
     0.00686714,     0.00575734,       0.024535,    1.37653e-05,     -0.0125122,      0.0124856,
      0.0129565,     -0.0154213,    1.37653e-05,      0.0997383,     -0.0351268,     -0.0350343,
     -0.0104576,      0.0017559,     -0.0125122,     -0.0351268,       0.349749,     0.00358557,
    8.44615e-05,      0.0105823,      0.0124856,     -0.0350343,     0.00358557,       0.349728,
}

Generalized rotation inertia tensor:
{
         108.18,       0.272381,       -27.6945,       -13.8514,       0.813245,      -0.245579,
       0.272381,        107.967,       -19.3821,        19.7681,     -0.0336593,      -0.776467,
       -27.6945,       -19.3821,        53.3248,    0.000188893,        1.18598,       -1.18357,
       -13.8514,        19.7681,    0.000188893,        15.9302,        1.04754,         1.0449,
       0.813245,     -0.0336593,        1.18598,        1.04754,        3.02955,     0.00145129,
      -0.245579,      -0.776467,       -1.18357,         1.0449,     0.00145129,        3.02899,
}


Inverse of Generalized rotation inertia tensor:
{
      0.0126617,    -0.00140109,     0.00626681,      0.0135434,     -0.0105499,    -0.00155083,
    -0.00140109,      0.0136766,     0.00438259,     -0.0193226,     0.00548804,      0.0117678,
     0.00626681,     0.00438259,      0.0240922,    1.40337e-05,     -0.0110751,       0.011046,
      0.0135434,     -0.0193226,    1.40337e-05,       0.103737,     -0.0397065,     -0.0396165,
     -0.0105499,     0.00548804,     -0.0110751,     -0.0397065,       0.351036,     0.00975316,
    -0.00155083,      0.0117678,       0.011046,     -0.0396165,     0.00975316,       0.351012,
}

Generalized rotation inertia tensor:
{
        108.847,        3.40677,       -25.5234,       -12.7656,       0.793644,      -0.158773,
        3.40677,        104.899,       -14.7261,        22.0968,      -0.274016,      -0.824943,
       -25.5234,       -14.7261,        50.9238,   -0.000148782,        1.11233,       -1.10976,
       -12.7656,        22.0968,   -0.000148782,        16.5305,        1.09022,        1.08766,
       0.793644,      -0.274016,        1.11233,        1.09022,        3.03053,     -0.0133315,
      -0.158773,      -0.824943,       -1.10976,        1.08766,     -0.0133315,        3.02996,
}


Inverse of Generalized rotation inertia tensor:
{
      0.0122633,    -0.00257562,     0.00556443,      0.0138022,     -0.0104654,    -0.00302122,
    -0.00257562,      0.0152318,      0.0032064,     -0.0238865,     0.00952866,      0.0138029,
     0.00556443,      0.0032064,      0.0237828,    1.48517e-05,    -0.00985869,     0.00982661,
      0.0138022,     -0.0238865,    1.48517e-05,       0.109032,     -0.0452021,     -0.0451129,
     -0.0104654,     0.00952866,    -0.00985869,     -0.0452021,       0.353529,      0.0162167,
    -0.00302122,      0.0138029,     0.00982661,     -0.0451129,      0.0162167,       0.353502,
}

Generalized rotation inertia tensor:
{
         110.44,        5.53646,       -22.5768,       -11.2918,       0.725118,     -0.0884736,
        5.53646,        101.135,       -10.5178,        24.2015,      -0.492194,      -0.872348,
       -22.5768,       -10.5178,        48.7537,   -0.000453983,        1.04568,       -1.04297,
       -11.2918,        24.2015,   -0.000453983,         17.073,        1.13168,        1.12921,
       0.725118,      -0.492194,        1.04568,        1.13168,        3.03057,     -0.0265844,
     -0.0884736,      -0.872348,       -1.04297,        1.12921,     -0.0265844,        3.02999,
}


Inverse of Generalized rotation inertia tensor:
{
      0.0116575,    -0.00347778,     0.00477588,      0.0135861,     -0.0101119,    -0.00416888,
    -0.00347778,      0.0174878,      0.0022199,     -0.0291151,      0.0139248,      0.0166701,
     0.00477588,      0.0022199,        0.02358,    1.61888e-05,    -0.00884707,     0.00881151,
      0.0135861,     -0.0291151,    1.61888e-05,        0.11566,     -0.0516271,     -0.0515368,
     -0.0101119,      0.0139248,    -0.00884707,     -0.0516271,       0.357186,      0.0230425,
    -0.00416888,      0.0166701,     0.00881151,     -0.0515368,      0.0230425,       0.357153,
}

Generalized rotation inertia tensor:
{
        112.572,        6.47313,       -18.9442,       -9.47503,       0.617825,     -0.0371024,
        6.47313,        97.1299,       -6.88515,        26.0184,      -0.677887,      -0.916815,
       -18.9442,       -6.88515,        46.8804,   -0.000717438,       0.986912,      -0.984078,
       -9.47503,        26.0184,   -0.000717438,        17.5413,        1.17038,        1.16797,
       0.617825,      -0.677887,       0.986912,        1.17038,        3.02996,     -0.0381218,
     -0.0371024,      -0.916815,      -0.984078,        1.16797,     -0.0381218,        3.02938,
}


Inverse of Generalized rotation inertia tensor:
{
      0.0108883,    -0.00396087,     0.00391427,      0.0127004,    -0.00934756,    -0.00480808,
    -0.00396087,      0.0203222,      0.0014165,     -0.0348726,      0.0186178,      0.0202414,
     0.00391427,      0.0014165,      0.0234574,    1.79604e-05,    -0.00802813,     0.00798868,
      0.0127004,     -0.0348726,    1.79604e-05,       0.123427,     -0.0588126,     -0.0587199,
    -0.00934756,      0.0186178,    -0.00802813,     -0.0588126,        0.36182,      0.0301405,
    -0.00480808,      0.0202414,     0.00798868,     -0.0587199,      0.0301405,       0.361781,
}

Generalized rotation inertia tensor:
{
        114.817,        6.18832,        -14.736,       -7.37033,       0.482682,    -0.00534364,
        6.18832,        93.3662,       -3.93847,        27.4921,      -0.824696,      -0.955854,
        -14.736,       -3.93847,        45.3609,   -0.000931143,       0.937691,      -0.934757,
       -7.37033,        27.4921,   -0.000931143,        17.9212,        1.20423,        1.20188,
       0.482682,      -0.824696,       0.937691,        1.20423,        3.02902,     -0.0476532,
    -0.00534364,      -0.955854,      -0.934757,        1.20188,     -0.0476532,        3.02843,
}


Inverse of Generalized rotation inertia tensor:
{
      0.0100378,    -0.00387767,     0.00299203,       0.010933,    -0.00800282,    -0.00474752,
    -0.00387767,      0.0234627,    0.000792431,     -0.0407797,      0.0233539,      0.0241947,
     0.00299203,    0.000792431,      0.0233906,    1.99813e-05,    -0.00739434,     0.00735085,
       0.010933,     -0.0407797,    1.99813e-05,       0.131745,     -0.0662697,     -0.0661736,
    -0.00800282,      0.0233539,    -0.00739434,     -0.0662697,       0.366994,      0.0371495,
    -0.00474752,      0.0241947,     0.00735085,     -0.0661736,      0.0371495,       0.366947,
}

Generalized rotation inertia tensor:
{
        116.765,        4.81428,         -10.08,       -5.04169,       0.329724,     0.00834819,
        4.81428,        90.2979,        -1.7673,         28.578,      -0.929677,      -0.986623,
         -10.08,        -1.7673,        44.2413,     -0.0010886,       0.900179,       -0.89717,
       -5.04169,         28.578,     -0.0010886,        18.2011,        1.23084,        1.22853,
       0.329724,      -0.929677,       0.900179,        1.23084,        3.02805,     -0.0548264,
     0.00834819,      -0.986623,       -0.89717,        1.22853,     -0.0548264,        3.02747,
}


Inverse of Generalized rotation inertia tensor:
{
     0.00923638,    -0.00313204,      0.0020223,     0.00813876,    -0.00594661,    -0.00385723,
    -0.00313204,      0.0264381,    0.000346282,     -0.0461324,       0.027613,      0.0279475,
      0.0020223,    0.000346282,       0.023359,    2.19304e-05,    -0.00694213,     0.00689495,
     0.00813876,     -0.0461324,    2.19304e-05,       0.139498,     -0.0730807,     -0.0729809,
    -0.00594661,       0.027613,    -0.00694213,     -0.0730807,       0.371925,      0.0433491,
    -0.00385723,      0.0279475,     0.00689495,     -0.0729809,      0.0433491,       0.371871,
}

Generalized rotation inertia tensor:
{
        118.082,        2.62507,       -5.11775,       -2.55986,       0.166944,     0.00802861,
        2.62507,        88.2952,      -0.437624,         29.243,        -0.9923,       -1.00641,
       -5.11775,      -0.437624,        43.5556,    -0.00118503,       0.876564,      -0.873509,
       -2.55986,         29.243,    -0.00118503,        18.3725,        1.24792,        1.24564,
       0.166944,        -0.9923,       0.876564,        1.24792,        3.02734,     -0.0592989,
     0.00802861,       -1.00641,      -0.873509,        1.24564,     -0.0592989,        3.02675,
}


Inverse of Generalized rotation inertia tensor:
{
      0.0086515,    -0.00176147,     0.00101961,      0.0043738,    -0.00319529,      -0.002177,
    -0.00176147,       0.028621,    7.81573e-05,     -0.0499647,      0.0306537,       0.030707,
     0.00101961,    7.81573e-05,      0.0233468,    2.33769e-05,    -0.00667061,     0.00662076,
      0.0043738,     -0.0499647,    2.33769e-05,       0.145143,     -0.0779811,     -0.0778785,
    -0.00319529,      0.0306537,    -0.00667061,     -0.0779811,       0.375559,      0.0477262,
      -0.002177,       0.030707,     0.00662076,     -0.0778785,      0.0477262,       0.375499,
}

Generalized rotation inertia tensor:
{
        118.547,    0.000174949,     1.5357e-05,   -0.000254936,    1.60825e-05,     2.0329e-05,
    0.000174949,        87.5997,      0.0101661,         29.467,       -1.01307,       -1.01325,
     1.5357e-05,      0.0101661,        43.3247,    -0.00121751,       0.868489,      -0.865418,
   -0.000254936,         29.467,    -0.00121751,        18.4303,        1.25382,        1.25154,
    1.60825e-05,       -1.01307,       0.868489,        1.25382,        3.02707,     -0.0608205,
     2.0329e-05,       -1.01325,      -0.865418,        1.25154,     -0.0608205,        3.02649,
}


Inverse of Generalized rotation inertia tensor:
{
     0.00843547,   -1.63651e-07,   -3.18288e-09,    4.16908e-07,   -2.77189e-07,   -2.90335e-07,
   -1.63651e-07,      0.0294296,   -1.13292e-05,     -0.0513691,      0.0317671,      0.0317306,
   -3.18288e-09,   -1.13292e-05,      0.0233439,    2.39189e-05,    -0.00658003,      0.0065292,
    4.16908e-07,     -0.0513691,    2.39189e-05,       0.147228,     -0.0797812,     -0.0796775,
   -2.77189e-07,      0.0317671,    -0.00658003,     -0.0797812,       0.376908,      0.0493201,
   -2.90335e-07,      0.0317306,      0.0065292,     -0.0796775,      0.0493201,       0.376846,
}

Generalized rotation inertia tensor:
{
        118.082,       -2.62473,        5.11779,        2.55935,      -0.166913,    -0.00798779,
       -2.62473,        88.2952,      -0.437538,        29.2431,      -0.992307,       -1.00641,
        5.11779,      -0.437538,        43.5556,    -0.00118503,       0.876564,      -0.873508,
        2.55935,        29.2431,    -0.00118503,        18.3725,        1.24792,        1.24564,
      -0.166913,      -0.992307,       0.876564,        1.24792,        3.02734,     -0.0592989,
    -0.00798779,       -1.00641,      -0.873508,        1.24564,     -0.0592989,        3.02675,
}


Inverse of Generalized rotation inertia tensor:
{
     0.00865145,     0.00176116,    -0.00101962,    -0.00437299,     0.00319476,     0.00217643,
     0.00176116,      0.0286211,    7.81341e-05,     -0.0499647,      0.0306538,       0.030707,
    -0.00101962,    7.81341e-05,      0.0233468,    2.33873e-05,    -0.00667062,     0.00662076,
    -0.00437299,     -0.0499647,    2.33873e-05,       0.145143,     -0.0779812,     -0.0778784,
     0.00319476,      0.0306538,    -0.00667062,     -0.0779812,       0.375559,      0.0477262,
     0.00217643,       0.030707,     0.00662076,     -0.0778784,      0.0477262,       0.375499,
}

Generalized rotation inertia tensor:
{
        116.765,       -4.81398,        10.0801,        5.04119,      -0.329695,    -0.00830693,
       -4.81398,        90.2978,       -1.76713,        28.5781,       -0.92969,      -0.986619,
        10.0801,       -1.76713,        44.2413,     -0.0010886,        0.90018,      -0.897169,
        5.04119,        28.5781,     -0.0010886,        18.2011,        1.23084,        1.22853,
      -0.329695,       -0.92969,        0.90018,        1.23084,        3.02805,     -0.0548263,
    -0.00830693,      -0.986619,      -0.897169,        1.22853,     -0.0548263,        3.02747,
}


Inverse of Generalized rotation inertia tensor:
{
     0.00923629,     0.00313176,    -0.00202231,      -0.008138,     0.00594613,     0.00385669,
     0.00313176,      0.0264382,    0.000346238,     -0.0461325,      0.0276132,      0.0279475,
    -0.00202231,    0.000346238,       0.023359,     2.1949e-05,    -0.00694215,     0.00689494,
      -0.008138,     -0.0461325,     2.1949e-05,       0.139498,     -0.0730807,     -0.0729807,
     0.00594613,      0.0276132,    -0.00694215,     -0.0730807,       0.371926,       0.043349,
     0.00385669,      0.0279475,     0.00689494,     -0.0729807,       0.043349,       0.371871,
}

Generalized rotation inertia tensor:
{
        114.817,       -6.18807,        14.7361,        7.36985,      -0.482655,      0.0053856,
       -6.18807,         93.366,       -3.93822,        27.4922,      -0.824715,      -0.955849,
        14.7361,       -3.93822,        45.3609,   -0.000931141,       0.937693,      -0.934755,
        7.36985,        27.4922,   -0.000931141,        17.9212,        1.20423,        1.20188,
      -0.482655,      -0.824715,       0.937693,        1.20423,        3.02902,     -0.0476531,
      0.0053856,      -0.955849,      -0.934755,        1.20188,     -0.0476531,        3.02843,
}


Inverse of Generalized rotation inertia tensor:
{
      0.0100377,     0.00387745,    -0.00299206,     -0.0109323,     0.00800241,     0.00474702,
     0.00387745,      0.0234628,    0.000792368,     -0.0407798,      0.0233541,      0.0241947,
    -0.00299206,    0.000792368,      0.0233906,    2.00044e-05,    -0.00739436,     0.00735084,
     -0.0109323,     -0.0407798,    2.00044e-05,       0.131745,     -0.0662698,     -0.0661734,
     0.00800241,      0.0233541,    -0.00739436,     -0.0662698,       0.366994,      0.0371494,
     0.00474702,      0.0241947,     0.00735084,     -0.0661734,      0.0371494,       0.366947,
}

Generalized rotation inertia tensor:
{
        112.573,       -6.47295,        18.9444,        9.47458,      -0.617803,      0.0371452,
       -6.47295,        97.1298,       -6.88483,        26.0185,      -0.677912,      -0.916808,
        18.9444,       -6.88483,        46.8804,   -0.000717437,       0.986914,      -0.984075,
        9.47458,        26.0185,   -0.000717437,        17.5413,        1.17038,        1.16798,
      -0.617803,      -0.677912,       0.986914,        1.17038,        3.02996,     -0.0381216,
      0.0371452,      -0.916808,      -0.984075,        1.16798,     -0.0381216,        3.02938,
}


Inverse of Generalized rotation inertia tensor:
{
      0.0108882,     0.00396071,     -0.0039143,     -0.0126998,     0.00934723,     0.00480763,
     0.00396071,      0.0203223,     0.00141642,     -0.0348727,       0.018618,      0.0202413,
     -0.0039143,     0.00141642,      0.0234574,    1.79842e-05,    -0.00802815,     0.00798868,
     -0.0126998,     -0.0348727,    1.79842e-05,       0.123427,     -0.0588127,     -0.0587197,
     0.00934723,       0.018618,    -0.00802815,     -0.0588127,       0.361821,      0.0301404,
     0.00480763,      0.0202413,     0.00798868,     -0.0587197,      0.0301404,       0.361781,
}

Generalized rotation inertia tensor:
{
        110.441,       -5.53634,         22.577,        11.2914,      -0.725101,      0.0885174,
       -5.53634,        101.135,       -10.5174,        24.2017,      -0.492224,      -0.872339,
         22.577,       -10.5174,        48.7537,   -0.000453981,        1.04568,       -1.04296,
        11.2914,        24.2017,   -0.000453981,         17.073,        1.13168,        1.12921,
      -0.725101,      -0.492224,        1.04568,        1.13168,        3.03057,     -0.0265841,
      0.0885174,      -0.872339,       -1.04296,        1.12921,     -0.0265841,        3.02999,
}


Inverse of Generalized rotation inertia tensor:
{
      0.0116573,     0.00347768,    -0.00477593,     -0.0135856,      0.0101116,     0.00416847,
     0.00347768,      0.0174879,      0.0022198,     -0.0291153,      0.0139251,        0.01667,
    -0.00477593,      0.0022198,      0.0235801,    1.62103e-05,    -0.00884709,     0.00881152,
     -0.0135856,     -0.0291153,    1.62103e-05,        0.11566,     -0.0516271,     -0.0515366,
      0.0101116,      0.0139251,    -0.00884709,     -0.0516271,       0.357186,      0.0230424,
     0.00416847,        0.01667,     0.00881152,     -0.0515366,      0.0230424,       0.357153,
}

Generalized rotation inertia tensor:
{
        108.847,       -3.40671,        25.5237,        12.7652,      -0.793634,       0.158818,
       -3.40671,        104.899,       -14.7257,         22.097,       -0.27405,      -0.824933,
        25.5237,       -14.7257,        50.9238,    -0.00014878,        1.11233,       -1.10976,
        12.7652,         22.097,    -0.00014878,        16.5305,        1.09022,        1.08766,
      -0.793634,       -0.27405,        1.11233,        1.09022,        3.03053,     -0.0133312,
       0.158818,      -0.824933,       -1.10976,        1.08766,     -0.0133312,        3.02996,
}


Inverse of Generalized rotation inertia tensor:
{
      0.0122632,     0.00257557,     -0.0055645,     -0.0138018,      0.0104652,     0.00302085,
     0.00257557,      0.0152319,      0.0032063,     -0.0238867,      0.0095289,      0.0138029,
     -0.0055645,      0.0032063,      0.0237829,    1.48684e-05,     -0.0098587,     0.00982663,
     -0.0138018,     -0.0238867,    1.48684e-05,       0.109032,     -0.0452022,     -0.0451127,
      0.0104652,      0.0095289,     -0.0098587,     -0.0452022,       0.353529,      0.0162166,
     0.00302085,      0.0138029,     0.00982663,     -0.0451127,      0.0162166,       0.353502,
}

Generalized rotation inertia tensor:
{
         108.18,      -0.272357,        27.6949,        13.8511,      -0.813242,       0.245625,
      -0.272357,        107.967,       -19.3816,        19.7684,     -0.0336957,      -0.776455,
        27.6949,       -19.3816,        53.3248,    0.000188895,        1.18598,       -1.18357,
        13.8511,        19.7684,    0.000188895,        15.9302,        1.04754,         1.0449,
      -0.813242,     -0.0336957,        1.18598,        1.04754,        3.02955,     0.00145157,
       0.245625,      -0.776455,       -1.18357,         1.0449,     0.00145157,        3.02899,
}


Inverse of Generalized rotation inertia tensor:
{
      0.0126616,     0.00140107,     -0.0062669,      -0.013543,      0.0105498,     0.00155049,
     0.00140107,      0.0136766,     0.00438248,     -0.0193228,     0.00548829,      0.0117678,
     -0.0062669,     0.00438248,      0.0240922,    1.40443e-05,     -0.0110751,       0.011046,
      -0.013543,     -0.0193228,    1.40443e-05,       0.103737,     -0.0397066,     -0.0396164,
