Internal rotor C8-C9 of species butan-1-hydroperoxy
          Angle         Potential          Series
              0,               0,        -11.7813
      0.0872665,         7.68162,         16.1654
       0.174533,         76.5967,         93.8852
       0.261799,         216.841,         205.516
       0.349066,         348.307,         331.747
       0.436332,         458.922,         456.914
       0.523599,         550.882,         573.587
       0.610865,          672.69,         682.699
       0.698132,         798.669,         789.466
       0.785398,         918.941,         897.399
       0.872665,         1011.12,         1003.52
       0.959931,          1085.3,         1097.16
         1.0472,         1139.51,          1162.8
        1.13446,         1179.46,         1185.63
        1.22173,         1177.04,         1157.22
          1.309,         1097.59,         1078.83
        1.39626,          952.96,         961.444
        1.48353,         816.446,         822.617
         1.5708,         686.956,         682.063
        1.65806,         552.199,         557.505
        1.74533,          451.24,         462.118
         1.8326,         405.589,          403.77
        1.91986,         395.494,         385.613
        2.00713,         416.124,         407.336
         2.0944,         450.582,         466.612
        2.18166,         552.418,         560.597
        2.26893,         692.882,         687.342
        2.35619,         859.024,         846.817
        2.44346,         1043.38,         1040.91
        2.53073,         1257.37,         1271.84
        2.61799,         1527.98,         1538.97
        2.70526,         1845.56,          1834.9
        2.79253,         2156.34,         2142.49
        2.87979,         2428.05,         2434.77
        2.96706,         2664.64,         2678.46
        3.05433,         2847.91,         2840.85
        3.14159,         2913.53,         2897.93
        3.22886,         2845.05,         2840.85
        3.31613,         2659.82,         2678.46
        3.40339,         2422.34,         2434.77
        3.49066,         2152.83,         2142.49
        3.57792,         1845.78,          1834.9
        3.66519,         1531.71,         1538.97
        3.75246,         1263.08,         1271.84
        3.83972,         1048.65,         1040.91
        3.92699,         860.122,         846.817
        4.01426,         690.029,         687.342
        4.10152,         548.248,         560.597
        4.18879,         448.168,         466.612
        4.27606,         416.783,         407.336
        4.36332,         399.225,         385.613
        4.45059,         411.296,          403.77
        4.53786,         456.508,         462.118
        4.62512,         555.491,         557.505
        4.71239,         687.176,         682.063
        4.79966,         813.813,         822.617
        4.88692,          948.57,         961.444
        4.97419,         1092.77,         1078.83
        5.06145,         1173.75,         1157.22
        5.14872,         1179.02,         1185.63
        5.23599,         1141.93,          1162.8
        5.32325,         1089.25,         1097.16
        5.41052,         1014.63,         1003.52
        5.49779,         918.941,         897.399
        5.58505,         795.157,         789.466
        5.67232,         668.301,         682.699
        5.75959,         547.809,         573.587
        5.84685,         458.702,         456.914
        5.93412,          350.94,         331.747
        6.02139,          221.45,         205.516
        6.10865,         81.2057,         93.8852
        6.19592,         10.5348,         16.1654

Internal rotor C3-C8 of species butan-1-peroxy
          Angle         Potential          Series
              0,               0,        -11.7813
      0.0872665,         7.68162,         16.1654
       0.174533,         76.5967,         93.8852
       0.261799,         216.841,         205.516
       0.349066,         348.307,         331.747
       0.436332,         458.922,         456.914
       0.523599,         550.882,         573.587
       0.610865,          672.69,         682.699
       0.698132,         798.669,         789.466
       0.785398,         918.941,         897.399
       0.872665,         1011.12,         1003.52
       0.959931,          1085.3,         1097.16
         1.0472,         1139.51,          1162.8
        1.13446,         1179.46,         1185.63
        1.22173,         1177.04,         1157.22
          1.309,         1097.59,         1078.83
        1.39626,          952.96,         961.444
        1.48353,         816.446,         822.617
         1.5708,         686.956,         682.063
        1.65806,         552.199,         557.505
        1.74533,          451.24,         462.118
         1.8326,         405.589,          403.77
        1.91986,         395.494,         385.613
        2.00713,         416.124,         407.336
         2.0944,         450.582,         466.612
        2.18166,         552.418,         560.597
        2.26893,         692.882,         687.342
        2.35619,         859.024,         846.817
        2.44346,         1043.38,         1040.91
        2.53073,         1257.37,         1271.84
        2.61799,         1527.98,         1538.97
        2.70526,         1845.56,          1834.9
        2.79253,         2156.34,         2142.49
        2.87979,         2428.05,         2434.77
        2.96706,         2664.64,         2678.46
        3.05433,         2847.91,         2840.85
        3.14159,         2913.53,         2897.93
        3.22886,         2845.05,         2840.85
        3.31613,         2659.82,         2678.46
        3.40339,         2422.34,         2434.77
        3.49066,         2152.83,         2142.49
        3.57792,         1845.78,          1834.9
        3.66519,         1531.71,         1538.97
        3.75246,         1263.08,         1271.84
        3.83972,         1048.65,         1040.91
        3.92699,         860.122,         846.817
        4.01426,         690.029,         687.342
        4.10152,         548.248,         560.597
        4.18879,         448.168,         466.612
        4.27606,         416.783,         407.336
        4.36332,         399.225,         385.613
        4.45059,         411.296,          403.77
        4.53786,         456.508,         462.118
        4.62512,         555.491,         557.505
        4.71239,         687.176,         682.063
        4.79966,         813.813,         822.617
        4.88692,          948.57,         961.444
        4.97419,         1092.77,         1078.83
        5.06145,         1173.75,         1157.22
        5.14872,         1179.02,         1185.63
        5.23599,         1141.93,          1162.8
        5.32325,         1089.25,         1097.16
        5.41052,         1014.63,         1003.52
        5.49779,         918.941,         897.399
        5.58505,         795.157,         789.466
        5.67232,         668.301,         682.699
        5.75959,         547.809,         573.587
        5.84685,         458.702,         456.914
        5.93412,          350.94,         331.747
        6.02139,          221.45,         205.516
        6.10865,         81.2057,         93.8852
        6.19592,         10.5348,         16.1654


Generalized rotation inertia tensor:
{
        462.576,       -0.13051,       0.222589,      -0.274322,    -0.00560016,      -0.274322,      -0.211999,     0.00198898,
       -0.13051,        330.894,        185.819,       -1.09022,       -1.84023,       -1.09022,        28.7876,       -2.55612,
       0.222589,        185.819,        145.656,        2.48299,        2.04402,        2.48299,        16.2203,        -2.0426,
      -0.274322,       -1.09022,        2.48299,        14.4483,        1.73984,        14.4483,       -5.52439,       0.780956,
    -0.00560016,       -1.84023,        2.04402,        1.73984,        3.43859,        1.73984,    -0.00065914,      0.0326797,
      -0.274322,       -1.09022,        2.48299,        14.4483,        1.73984,        14.4483,       -5.52439,       0.780956,
      -0.211999,        28.7876,        16.2203,       -5.52439,    -0.00065914,       -5.52439,        16.8701,      -0.827597,
     0.00198898,       -2.55612,        -2.0426,       0.780956,      0.0326797,       0.780956,      -0.827597,        1.07561,
}


Inverse of Generalized rotation inertia tensor:
{
      0.0021619,    9.09427e-06,   -2.21659e-05,    2.75533e+12,    0.000102007,   -2.75533e+12,    5.34521e-05,    -0.00065422,
    7.03796e-06,      0.0123265,     -0.0133269,   -9.84847e+14,       0.105148,    9.84847e+14,     -0.0045712,      0.0039938,
     -2.072e-05,     -0.0152782,      0.0247171,    1.24153e+15,      -0.138756,   -1.24153e+15,    -0.00367569,       0.014109,
    3.01705e+11,    -3.2896e+13,   -3.87899e+13,    1.93178e+31,   -1.44461e+15,   -1.93178e+31,   -8.58837e+13,    -7.2343e+15,
   -6.30512e-05,      0.0207333,     -0.0155056,   -3.02993e+15,       0.560284,    3.02993e+15,    -0.00631207,        1.13652,
   -3.01705e+11,     3.2896e+13,    3.87899e+13,   -1.93178e+31,    1.44461e+15,    1.93178e+31,    8.58837e+13,     7.2343e+15,
    6.71092e-05,    -0.00791154,    -0.00221387,    7.43434e+14,     -0.0753778,   -7.43434e+14,      0.0798148,      -0.254613,
    3.76925e-05,     -0.0123945,     0.00926935,     4.5036e+15,      -0.334942,    -4.5036e+15,      0.0037734,      -0.679421,
}

Generalized rotation inertia tensor:
{
        460.671,       -11.1515,        16.0048,        7.69728,      -0.163263,        7.69728,        1.95883,      0.0583031,
       -11.1515,        332.168,        184.467,       -1.77314,       -1.83736,       -1.77314,        28.9695,       -2.55702,
        16.0048,        184.467,        145.024,        2.47977,        2.04206,        2.47977,        16.4034,       -2.03454,
        7.69728,       -1.77314,        2.47977,        14.6061,        1.73954,        14.6061,        -5.5231,        0.78457,
      -0.163263,       -1.83736,        2.04206,        1.73954,        3.43828,        1.73954,    -0.00508795,      0.0327876,
        7.69728,       -1.77314,        2.47977,        14.6061,        1.73954,        14.6061,        -5.5231,        0.78457,
        1.95883,        28.9695,        16.4034,        -5.5231,    -0.00508795,        -5.5231,        16.9592,       -0.82973,
      0.0583031,       -2.55702,       -2.03454,        0.78457,      0.0327876,        0.78457,       -0.82973,        1.07556,
}


Inverse of Generalized rotation inertia tensor:
{
      0.0022081,    0.000429717,    -0.00114947,    8.04666e+13,    -0.00876894,   -8.04666e+13,    -0.00103476,     -0.0180788,
   -0.000167758,      0.0068538,     -0.0148768,    1.08289e+15,      -0.119937,   -1.08289e+15,    -0.00607272,      -0.230645,
     4.1188e-05,    -0.00868543,      0.0268777,   -1.27761e+15,       0.143228,    1.27761e+15,    -0.00161074,       0.279097,
   -8.78669e+12,   -5.03424e+13,    1.81441e+13,    2.11373e+31,   -1.57256e+15,   -2.11373e+31,   -1.60438e+13,   -4.53569e+15,
     0.00194704,      0.0148095,     -0.0212253,    1.89824e+14,       0.319228,   -1.89824e+14,     -0.0194765,     -0.0389531,
    8.78669e+12,    5.03424e+13,   -1.81441e+13,   -2.11373e+31,    1.57256e+15,    2.11373e+31,    1.60438e+13,    4.53569e+15,
   -0.000746324,    -0.00487871,    -0.00153838,   -6.64883e+14,       0.030133,    6.64883e+14,       0.083212,       0.166424,
    -0.00203272,     -0.0154612,      0.0221593,     4.5036e+15,      -0.333275,    -4.5036e+15,      0.0203336,      0.0406672,
}

Generalized rotation inertia tensor:
{
        455.061,       -21.1939,        31.3125,        15.4292,      -0.321851,        15.4292,        3.84472,       0.114846,
       -21.1939,         335.83,        180.395,       -3.82993,       -1.82889,       -3.82993,        29.4836,       -2.56022,
        31.3125,        180.395,        143.076,        2.46983,        2.03614,        2.46983,        16.9072,       -2.01045,
        15.4292,       -3.82993,        2.46983,        15.0931,        1.73895,        15.0931,        -5.5267,       0.795731,
      -0.321851,       -1.82889,        2.03614,        1.73895,        3.43735,        1.73895,     -0.0181537,       0.033121,
        15.4292,       -3.82993,        2.46983,        15.0931,        1.73895,        15.0931,        -5.5267,       0.795731,
        3.84472,        29.4836,        16.9072,        -5.5267,     -0.0181537,        -5.5267,        17.2169,       -0.83582,
       0.114846,       -2.56022,       -2.01045,       0.795731,       0.033121,       0.795731,       -0.83582,        1.07543,
}


Inverse of Generalized rotation inertia tensor:
{
      0.0121516,     -0.0184977,       0.035486,    1.51636e+16,       0.772758,   -1.51636e+16,      0.0690367,        1.10459,
      0.0123102,      0.0820826,     -0.0997713,    4.52097e+15,        1.29993,   -4.52097e+15,      -0.113771,       -7.26228,
     -0.0174656,      -0.105423,        0.13932,   -9.94632e+15,       -1.69129,    9.94632e+15,        0.13524,        9.04422,
   -1.23641e+14,   -6.09061e+14,    1.35734e+15,   -1.28937e+32,   -9.44646e+15,    1.28937e+32,    1.50449e+15,    4.20862e+16,
     0.00590107,       0.024162,     -0.0426728,    2.07904e+15,       0.484657,   -2.07904e+15,     -0.0423116,      -0.676986,
    1.23641e+14,    6.09061e+14,   -1.35734e+15,    1.28937e+32,    9.44646e+15,   -1.28937e+32,   -1.50449e+15,   -4.20862e+16,
     -0.0107293,      -0.049261,      0.0948647,   -9.17084e+15,      -0.689947,    9.17084e+15,       0.188565,        3.01705,
     0.00403729,      0.0165307,     -0.0291951,     4.5036e+15,       0.331585,    -4.5036e+15,     -0.0289481,      -0.463169,
}

Generalized rotation inertia tensor:
{
        446.245,       -29.3803,        45.6805,        22.6865,      -0.482178,        22.6865,        5.24445,       0.171826,
       -29.3803,        341.439,        173.727,       -7.19811,       -1.81442,       -7.19811,        30.2377,       -2.56585,
        45.6805,        173.727,         139.87,        2.45348,        2.02601,        2.45348,        17.5727,       -1.97093,
        22.6865,       -7.19811,        2.45348,        15.8945,        1.73807,        15.8945,       -5.56305,       0.814106,
      -0.482178,       -1.81442,        2.02601,        1.73807,        3.43575,        1.73807,     -0.0376568,      0.0336925,
        22.6865,       -7.19811,        2.45348,        15.8945,        1.73807,        15.8945,       -5.56305,       0.814106,
        5.24445,        30.2377,        17.5727,       -5.56305,     -0.0376568,       -5.56305,        17.5927,       -0.84449,
       0.171826,       -2.56585,       -1.97093,       0.814106,      0.0336925,       0.814106,       -0.84449,        1.07522,
}


Inverse of Generalized rotation inertia tensor:
{
     0.00316157,     0.00426886,   -0.000776243,   -1.35967e+14,     0.00567672,    1.35967e+14,    -0.00258084,              0,
     0.00200935,      0.0100713,    -0.00748543,    7.03937e+13,         0.0126,   -7.03937e+13,     -0.0121312,              0,
    -0.00311315,     -0.0132267,      0.0180473,   -2.14608e+13,     -0.0194837,    2.14608e+13,     0.00566246,              0,
    1.74075e+12,    2.12334e+13,   -8.09333e+13,    2.01509e+31,   -6.24658e+12,   -2.01509e+31,   -1.04581e+14,    -4.5036e+15,
     0.00551073,      0.0129378,     -0.0199147,    6.24658e+12,       0.330855,   -6.24658e+12,     -0.0161719,              0,
   -1.74075e+12,   -2.12334e+13,    8.09333e+13,   -2.01509e+31,    6.24658e+12,    2.01509e+31,    1.04581e+14,     4.5036e+15,
    -0.00255482,      -0.005061,    -0.00316557,    1.04581e+14,     -0.0161719,   -1.04581e+14,       0.079354,              0,
              0,              0,              0,     4.5036e+15,              0,    -4.5036e+15,              0,              0,
}

Generalized rotation inertia tensor:
{
        434.995,       -35.0364,        58.6723,        29.2486,      -0.644945,        29.2486,        6.08457,       0.229408,
       -35.0364,        348.323,        164.665,       -11.7753,       -1.79328,       -11.7753,        31.1197,       -2.57415,
        58.6723,        164.665,        135.504,        2.43121,        2.01125,        2.43121,        18.2139,       -1.91694,
        29.2486,       -11.7753,        2.43121,         16.986,        1.73685,         16.986,       -5.66247,       0.839151,
      -0.644945,       -1.79328,        2.01125,        1.73685,        3.43343,        1.73685,     -0.0609719,      0.0345231,
        29.2486,       -11.7753,        2.43121,         16.986,        1.73685,         16.986,       -5.66247,       0.839151,
        6.08457,        31.1197,        18.2139,       -5.66247,     -0.0609719,       -5.66247,         18.024,      -0.854059,
       0.229408,       -2.57415,       -1.91694,       0.839151,      0.0345231,       0.839151,      -0.854059,        1.07492,
}


Inverse of Generalized rotation inertia tensor:
{
     0.00602048,     0.00366479,    -0.00101966,   -1.13088e+14,       0.279118,    1.13088e+14,    -0.00203744,       0.564692,
     0.00233495,      0.0068343,     -0.0164626,    2.75195e+15,      -0.130639,   -2.75195e+15,     -0.0148651,       -0.52141,
    -0.00433634,    -0.00987445,      0.0314861,   -2.60255e+15,       0.145386,    2.60255e+15,     0.00592583,       0.576158,
   -2.67932e+13,   -1.47959e+13,   -4.92562e+13,    2.01855e+31,   -1.48324e+15,   -2.01855e+31,   -1.10233e+14,   -7.50596e+15,
      0.0107461,      0.0133744,     -0.0115386,   -2.98757e+15,       0.548678,    2.98757e+15,     0.00248241,          1.112,
    2.67932e+13,    1.47959e+13,    4.92562e+13,   -2.01855e+31,    1.48324e+15,    2.01855e+31,    1.10233e+14,    7.50596e+15,
    -0.00297228,    -0.00433685,    -0.00423887,    8.32728e+13,     -0.0199517,   -8.32728e+13,      0.0775555,    -0.00786324,
    -0.00646042,    -0.00804051,     0.00693686,     4.5036e+15,      -0.329858,    -4.5036e+15,     -0.0014924,      -0.668519,
}

Generalized rotation inertia tensor:
{
        422.272,        -37.763,        69.8931,        34.9162,      -0.810641,        34.9162,        6.39966,       0.287666,
        -37.763,        355.652,        153.485,       -17.4225,       -1.76449,       -17.4225,        32.0318,       -2.58546,
        69.8931,        153.485,         130.11,         2.4037,         1.9912,         2.4037,        18.6802,       -1.84977,
        34.9162,       -17.4225,         2.4037,        18.3344,        1.73526,        18.3344,       -5.84513,       0.870128,
      -0.810641,       -1.76449,         1.9912,        1.73526,         3.4303,        1.73526,     -0.0858835,      0.0356439,
        34.9162,       -17.4225,         2.4037,        18.3344,        1.73526,        18.3344,       -5.84513,       0.870128,
        6.39966,        32.0318,        18.6802,       -5.84513,     -0.0858835,       -5.84513,        18.4547,      -0.863028,
       0.287666,       -2.58546,       -1.84977,       0.870128,      0.0356439,       0.870128,      -0.863028,        1.07452,
}


Inverse of Generalized rotation inertia tensor:
{
     0.00377742,      0.0030325,    -0.00813567,   -9.51257e+13,     0.00772003,    9.51257e+13,    -0.00165851,              0,
     0.00253034,     0.00849097,    -0.00967792,    6.93908e+13,     0.00929753,   -6.93908e+13,    -0.00423556,              0,
    -0.00465311,     -0.0110731,      0.0226007,   -2.24525e+13,     -0.0177717,    2.24525e+13,    -0.00277947,              0,
    2.52275e+12,    2.11477e+13,   -7.94407e+13,    2.01665e+31,   -2.96166e+12,   -2.01665e+31,   -1.02183e+14,    -4.5036e+15,
     0.00772176,     0.00924863,      -0.017733,    2.96166e+12,       0.327436,   -2.96166e+12,      -0.011357,              0,
   -2.52275e+12,   -2.11477e+13,    7.94407e+13,   -2.01665e+31,    2.96166e+12,    2.01665e+31,    1.02183e+14,     4.5036e+15,
    -0.00283044,    -0.00327048,    -0.00582829,    1.02183e+14,      -0.011357,   -1.02183e+14,       0.075634,              0,
              0,              0,              0,     4.5036e+15,              0,    -4.5036e+15,              0,              0,
}

Generalized rotation inertia tensor:
{
        409.122,       -37.4752,         79.002,        39.5171,      -0.979392,        39.5171,        6.28552,       0.346532,
       -37.4752,        362.544,        140.526,       -23.9681,       -1.72667,       -23.9681,        32.9057,       -2.60025,
         79.002,        140.526,        123.852,        2.37179,        1.96499,        2.37179,        18.8859,       -1.77099,
        39.5171,       -23.9681,        2.37179,        19.8987,        1.73324,        19.8987,       -6.11557,       0.906128,
      -0.979392,       -1.72667,        1.96499,        1.73324,        3.42625,        1.73324,      -0.110995,      0.0370966,
        39.5171,       -23.9681,        2.37179,        19.8987,        1.73324,        19.8987,       -6.11557,       0.906128,
        6.28552,        32.9057,        18.8859,       -6.11557,      -0.110995,       -6.11557,        18.8442,      -0.870305,
       0.346532,       -2.60025,       -1.77099,       0.906128,      0.0370966,       0.906128,      -0.870305,          1.074,
}


Inverse of Generalized rotation inertia tensor:
{
     0.00454861,   -0.000383079,    -0.00744358,   -8.76343e+13,     0.00837248,    8.76343e+13,    -0.00752653,              0,
     0.00232728,     0.00770535,    -0.00676811,    6.89406e+13,     0.00723881,   -6.89406e+13,     0.00104862,              0,
    -0.00494788,    -0.00886702,      0.0226307,   -2.34038e+13,     -0.0166913,    2.34038e+13,      -0.011509,              0,
    2.83345e+12,    2.10339e+13,   -7.85451e+13,    2.01738e+31,    -8.3644e+11,   -2.01738e+31,   -1.01018e+14,    -4.5036e+15,
     0.00836973,     0.00722385,     -0.0166524,     8.3644e+11,       0.325895,    -8.3644e+11,    -0.00881503,              0,
   -2.83345e+12,   -2.10339e+13,    7.85451e+13,   -2.01738e+31,     8.3644e+11,    2.01738e+31,    1.01018e+14,     4.5036e+15,
    -0.00254508,    -0.00247536,    -0.00721914,    1.01018e+14,    -0.00881503,   -1.01018e+14,      0.0740034,              0,
              0,              0,              0,     4.5036e+15,              0,    -4.5036e+15,              0,              0,
}

Generalized rotation inertia tensor:
{
        396.566,       -34.4057,        85.7222,        42.9115,        -1.1507,        42.9115,        5.85672,       0.405693,
       -34.4057,        368.169,        126.182,       -31.2132,       -1.67801,       -31.2132,        33.7034,       -2.61915,
        85.7222,        126.182,         116.92,        2.33644,         1.9314,        2.33644,         18.808,       -1.68238,
        42.9115,       -31.2132,        2.33644,        21.6314,        1.73069,        21.6314,       -6.46354,       0.946103,
        -1.1507,       -1.67801,         1.9314,        1.73069,        3.42112,        1.73069,      -0.135752,      0.0389353,
        42.9115,       -31.2132,        2.33644,        21.6314,        1.73069,        21.6314,       -6.46354,       0.946103,
        5.85672,        33.7034,         18.808,       -6.46354,      -0.135752,       -6.46354,        19.1688,      -0.875207,
       0.405693,       -2.61915,       -1.68238,       0.946103,      0.0389353,       0.946103,      -0.875207,        1.07335,
}


Inverse of Generalized rotation inertia tensor:
{
     0.00460422,     0.00257162,    -0.00500038,    -7.4249e+14,     0.00892049,     7.4249e+14,    -0.00622487,      -0.166241,
     0.00135229,     0.00699269,      0.0116075,    2.99326e+14,     0.00549025,   -2.99326e+14,    -0.00676147,      0.0765773,
    -0.00440299,    -0.00884489,    9.54915e-05,    -2.3746e+13,     -0.0160221,     2.3746e+13,     -0.0026287,     -0.0108032,
   -8.19552e+12,   -5.54839e+13,    2.05992e+14,    5.36187e+31,   -3.92201e+12,   -5.36187e+31,    2.65654e+14,    1.19665e+16,
     0.00928752,     0.00866013,     -0.0285701,   -3.36161e+15,       0.324886,    3.36161e+15,     -0.0229683,      -0.750563,
    8.19552e+12,    5.54839e+13,   -2.05992e+14,   -5.36187e+31,    3.92201e+12,    5.36187e+31,   -2.65654e+14,   -1.19665e+16,
    -0.00228404,    -0.00338366,    -0.00290634,    1.37329e+15,    -0.00641368,   -1.37329e+15,      0.0800059,         0.3288,
              0,              0,              0,    -4.5036e+15,              0,     4.5036e+15,              0,              0,
}

Generalized rotation inertia tensor:
{
        385.491,       -29.0701,        89.8495,        44.9962,       -1.32303,        44.9962,        5.22108,       0.464438,
       -29.0701,        371.849,        110.889,       -38.9376,       -1.61614,       -38.9376,        34.4093,       -2.64299,
        89.8495,        110.889,        109.526,        2.29873,        1.88887,        2.29873,        18.4706,       -1.58584,
        44.9962,       -38.9376,        2.29873,        23.4798,        1.72752,        23.4798,       -6.86816,       0.988895,
       -1.32303,       -1.61614,        1.88887,        1.72752,        3.41472,        1.72752,      -0.160291,      0.0412263,
        44.9962,       -38.9376,        2.29873,        23.4798,        1.72752,        23.4798,       -6.86816,       0.988895,
        5.22108,        34.4093,        18.4706,       -6.86816,      -0.160291,       -6.86816,        19.4181,      -0.877349,
       0.464438,       -2.64299,       -1.58584,       0.988895,      0.0412263,       0.988895,      -0.877349,        1.07254,
}


Inverse of Generalized rotation inertia tensor:
{
     0.00464248,   -0.000225315,    -0.00705884,   -1.68526e+15,      0.0087884,    1.68526e+15,   -0.000150883,              0,
      0.0012388,     0.00489031,    -0.00362126,    8.32059e+14,     0.00297579,   -8.32059e+14,     0.00630166,              0,
     -0.0049886,    -0.00442806,      0.0182031,   -1.31611e+15,     -0.0147004,    1.31611e+15,     -0.0201343,              0,
    3.25394e+12,    2.07116e+13,   -7.63109e+13,    2.01832e+31,    3.84634e+12,   -2.01832e+31,   -9.91205e+13,    -4.5036e+15,
     0.00897827,     0.00314261,     -0.0147363,   -3.84634e+12,       0.323744,    3.84634e+12,    -0.00384819,              0,
   -3.25394e+12,   -2.07116e+13,    7.63109e+13,   -2.01832e+31,   -3.84634e+12,    2.01832e+31,    9.91205e+13,     4.5036e+15,
    -0.00143504,    -0.00147613,    -0.00984565,    9.91205e+13,    -0.00384819,   -9.91205e+13,      0.0718112,              0,
              0,              0,              0,     4.5036e+15,              0,    -4.5036e+15,              0,              0,
}

Generalized rotation inertia tensor:
{
        376.565,       -22.2011,        91.2586,         45.708,        -1.4931,         45.708,        4.46947,       0.521412,
       -22.2011,        373.142,        95.1118,       -46.9067,       -1.53807,       -46.9067,        35.0215,       -2.67279,
        91.2586,        95.1118,        101.893,         2.2598,         1.8354,         2.2598,        17.9266,       -1.48331,
         45.708,       -46.9067,         2.2598,        25.3878,        1.72358,        25.3878,       -7.30263,        1.03328,
        -1.4931,       -1.53807,         1.8354,        1.72358,        3.40683,        1.72358,      -0.185261,      0.0440474,
         45.708,       -46.9067,         2.2598,        25.3878,        1.72358,        25.3878,       -7.30263,        1.03328,
        4.46947,        35.0215,        17.9266,       -7.30263,      -0.185261,       -7.30263,        19.5907,      -0.876525,
       0.521412,       -2.67279,       -1.48331,        1.03328,      0.0440474,        1.03328,      -0.876525,        1.07155,
}


Inverse of Generalized rotation inertia tensor:
{
     0.00532565,    5.22661e-05,              0,   -1.22747e+16,     0.00533881,    1.22747e+16,    -0.00101967,        2.71142,
    0.000675437,     0.00243829,              0,   -3.43844e+16,    -0.00579581,    3.43844e+16,     -0.0475692,        6.88669,
     -0.0102089,     0.00108531,              0,    4.77643e+16,    0.000573907,   -4.77643e+16,     -0.0211735,       -10.9259,
   -9.96835e+13,    -6.1907e+14,     2.2518e+15,    6.07742e+32,   -1.84733e+14,   -6.07742e+32,     2.9654e+15,      1.356e+17,
      0.0084029,    -0.00271452,             -0,    3.75755e+15,       0.322114,   -3.75755e+15,      0.0168827,       0.837022,
    9.96835e+13,     6.1907e+14,    -2.2518e+15,   -6.07742e+32,    1.84733e+14,    6.07742e+32,    -2.9654e+15,     -1.356e+17,
    -0.00121984,    -0.00440356,             -0,    2.88441e+15,    -0.00232859,   -2.88441e+15,      0.0859101,        0.66555,
              0,              0,              0,    -4.5036e+15,              0,     4.5036e+15,              0,              0,
}

Generalized rotation inertia tensor:
{
        370.176,       -14.6565,        89.9065,         45.025,       -1.65481,         45.025,        3.67464,       0.574239,
       -14.6565,        371.892,        79.3295,       -54.8783,       -1.44017,       -54.8783,        35.5454,       -2.70976,
        89.9065,        79.3295,        94.2536,        2.22084,        1.76855,        2.22084,        17.2424,       -1.37672,
         45.025,       -54.8783,        2.22084,        27.2974,        1.71871,        27.2974,       -7.73852,          1.078,
       -1.65481,       -1.44017,        1.76855,        1.71871,        3.39721,        1.71871,       -0.21168,      0.0474816,
         45.025,       -54.8783,        2.22084,        27.2974,        1.71871,        27.2974,       -7.73852,          1.078,
        3.67464,        35.5454,        17.2424,       -7.73852,       -0.21168,       -7.73852,        19.6911,       -0.87262,
       0.574239,       -2.70976,       -1.37672,          1.078,      0.0474816,          1.078,       -0.87262,        1.07035,
}


Inverse of Generalized rotation inertia tensor:
{
     0.00489628,   -0.000322227,    -0.00663251,    7.96041e+12,     0.00927603,   -7.96041e+12,     0.00199301,              0,
   -0.000111273,     0.00348383,     -0.0107975,   -5.67868e+13,   -0.000559859,    5.67868e+13,   -0.000773866,              0,
    -0.00478076,    -0.00238649,      0.0300165,    4.22117e+13,     -0.0138825,   -4.22117e+13,     -0.0158164,              0,
    3.22186e+12,    2.04832e+13,   -7.28038e+13,   -2.01834e+31,    8.20024e+12,    2.01834e+31,    -9.8136e+13,    -4.5036e+15,
     0.00891281,   -0.000952148,     -0.0131118,    8.20024e+12,       0.323202,   -8.20024e+12,     0.00101665,             -0,
   -3.22186e+12,   -2.04832e+13,    7.28038e+13,    2.01834e+31,   -8.20024e+12,   -2.01834e+31,     9.8136e+13,     4.5036e+15,
    3.31666e-06,    -0.00155643,     -0.0121919,    -9.8136e+13,     0.00101665,     9.8136e+13,      0.0713633,             -0,
              0,              0,              0,    -4.5036e+15,              0,     4.5036e+15,              0,              0,
}

Generalized rotation inertia tensor:
{
        366.406,       -7.31557,        85.8345,        42.9682,        -1.7975,        42.9682,        2.89347,       0.618983,
       -7.31557,        368.248,        64.0219,       -62.6102,       -1.31834,       -62.6102,        35.9892,       -2.75519,
        85.8345,        64.0219,          86.84,        2.18303,        1.68556,        2.18303,         16.487,       -1.26794,
        42.9682,       -62.6102,        2.18303,        29.1506,        1.71273,        29.1506,        -8.1493,        1.12182,
        -1.7975,       -1.31834,        1.68556,        1.71273,        3.38564,        1.71273,      -0.240812,      0.0516027,
        42.9682,       -62.6102,        2.18303,        29.1506,        1.71273,        29.1506,        -8.1493,        1.12182,
        2.89347,        35.9892,         16.487,        -8.1493,      -0.240812,        -8.1493,        19.7277,      -0.865577,
       0.618983,       -2.75519,       -1.26794,        1.12182,      0.0516027,        1.12182,      -0.865577,        1.06892,
}


Inverse of Generalized rotation inertia tensor:
{
    0.000248368,   -7.45339e-05,   -0.000290508,    8.38302e+12,     0.00752271,   -8.38302e+12,   -0.000288843,              0,
    -0.00206199,     0.00173301,     0.00985507,    -5.5111e+13,     -0.0515636,   -9.44384e+14,     -0.0133682,              0,
     0.00153782,   -0.000204304,   -8.06736e-05,    5.52487e+13,      0.0490921,     1.6124e+15,      -0.011831,              0,
   -6.08549e+14,    2.39448e+14,    8.81474e+14,   -2.01799e+31,    -1.8166e+16,    2.01799e+31,   -7.68735e+14,    -4.5036e+15,
     0.00896473,    -0.00317742,      -0.012801,    9.89699e+12,       0.332525,   -9.89699e+12,     0.00385133,             -0,
    6.08549e+14,   -2.39448e+14,   -8.81474e+14,    2.01799e+31,     1.8166e+16,   -2.01799e+31,    7.68735e+14,     4.5036e+15,
     -0.0022566,    -0.00101224,    -0.00864627,   -9.81301e+13,     -0.0848626,    9.81301e+13,      0.0685928,             -0,
      -0.136472,       0.048852,       0.212383,    -4.5036e+15,       -4.05636,     4.5036e+15,       -0.14966,              0,
}

Generalized rotation inertia tensor:
{
        365.041,      -0.973658,        79.1661,        39.6001,       -1.90365,        39.6001,        2.16969,       0.649439,
      -0.973658,        362.651,        49.6539,       -69.8674,       -1.16865,       -69.8674,         36.361,       -2.81022,
        79.1661,        49.6539,        79.8774,        2.14752,        1.58375,        2.14752,         15.725,        -1.1589,
        39.6001,       -69.8674,        2.14752,        30.8911,        1.70544,        30.8911,       -8.51322,        1.16351,
       -1.90365,       -1.16865,        1.58375,        1.70544,        3.37202,        1.70544,      -0.273994,      0.0564449,
        39.6001,       -69.8674,        2.14752,        30.8911,        1.70544,        30.8911,       -8.51322,        1.16351,
        2.16969,         36.361,         15.725,       -8.51322,      -0.273994,       -8.51322,        19.7115,      -0.855428,
       0.649439,       -2.81022,        -1.1589,        1.16351,      0.0564449,        1.16351,      -0.855428,        1.06726,
}


Inverse of Generalized rotation inertia tensor:
{
     0.00427537,     0.00141268,    3.52175e-06,   -1.59521e+15,     0.00819525,    1.59521e+15,   -0.000553266,    -0.00549956,
   -0.000882672,        0.01079,    0.000320947,    9.59029e+15,     -0.0055337,   -9.59029e+15,      0.0183235,        1.25866,
    -0.00326427,      -0.011472,    8.88184e-05,   -7.78629e+15,     -0.0131358,    7.78629e+15,     -0.0641758,       -1.74582,
   -1.24266e+13,   -1.02279e+14,    3.27521e+14,    9.89952e+31,   -5.44066e+13,   -9.89952e+31,    4.83539e+14,    2.20989e+16,
     0.00732533,      -0.012961,       0.013063,    7.44288e+15,       0.320413,   -7.44288e+15,      0.0424488,        1.65901,
    1.24266e+13,    1.02279e+14,   -3.27521e+14,   -9.89952e+31,    5.44066e+13,    9.89952e+31,   -4.83539e+14,   -2.20989e+16,
    0.000836352,    -0.00722874,    -0.00059252,    4.04638e+15,     0.00387047,   -4.04638e+15,      0.0930847,       0.925278,
              0,              0,              0,    -4.5036e+15,              0,     4.5036e+15,              0,              0,
}

Generalized rotation inertia tensor:
{
        365.618,        3.75105,        70.1041,        35.0228,       -1.94607,        35.0228,        1.53526,       0.656433,
        3.75105,        355.774,        36.6621,       -76.4296,      -0.988939,       -76.4296,        36.6675,       -2.87521,
        70.1041,        36.6621,        73.5773,        2.11539,        1.46162,        2.11539,        15.0113,        -1.0518,
        35.0228,       -76.4296,        2.11539,         32.466,        1.69678,         32.466,       -8.81549,        1.20191,
       -1.94607,      -0.988939,        1.46162,        1.69678,        3.35649,        1.69678,      -0.312273,      0.0619489,
        35.0228,       -76.4296,        2.11539,         32.466,        1.69678,         32.466,       -8.81549,        1.20191,
        1.53526,        36.6675,        15.0113,       -8.81549,      -0.312273,       -8.81549,        19.6558,      -0.842398,
       0.656433,       -2.87521,        -1.0518,        1.20191,      0.0619489,        1.20191,      -0.842398,        1.06538,
}


Inverse of Generalized rotation inertia tensor:
{
      0.0041003,     -0.0013456,    -0.00270367,   -1.36204e+12,    0.000164541,    1.36204e+12,     0.00170273,   -0.000191001,
    -0.00334463,      0.0100627,    -0.00148658,    -3.9186e+13,     0.00459706,     3.9186e+13,    -0.00499112,     -0.0064393,
    -0.00336765,    -0.00271607,      0.0198319,   -6.06798e+13,     0.00714298,    6.06798e+13,     -0.0141659,      0.0146251,
    4.96304e+13,   -4.92415e+13,   -6.92283e+13,   -1.45956e+31,    2.11216e+15,    1.45956e+31,    5.74783e+13,   -1.68736e+13,
    3.24861e-18,    1.09893e-16,    3.78828e-17,     2.2518e+15,   -1.03839e-16,    -2.2518e+15,   -5.01306e-16,    4.75113e-16,
   -4.96304e+13,    4.92415e+13,    6.92283e+13,    1.45956e+31,   -2.11216e+15,   -1.45956e+31,   -5.74783e+13,    1.68736e+13,
    0.000715364,    -0.00315026,     -0.0133992,     3.3313e+14,     -0.0393403,    -3.3313e+14,      0.0734885,      0.0225886,
   -0.000367644,     -0.0048569,      0.0138331,   -2.04985e+13,    0.000363125,    2.04985e+13,      0.0222842,        1.00567,
}

Generalized rotation inertia tensor:
{
        367.501,        6.48758,        58.9238,        29.3757,       -1.88638,        29.3757,        1.01022,       0.627706,
        6.48758,        348.445,        25.4413,       -82.0972,      -0.781935,       -82.0972,        36.9139,        -2.9487,
        58.9238,        25.4413,         68.131,        2.08762,        1.32095,        2.08762,        14.3884,      -0.949684,
        29.3757,       -82.0972,        2.08762,        33.8274,         1.6869,        33.8274,       -9.04947,         1.2359,
       -1.88638,      -0.781935,        1.32095,         1.6869,        3.33973,         1.6869,        -0.3557,      0.0678849,
        29.3757,       -82.0972,        2.08762,        33.8274,         1.6869,        33.8274,       -9.04947,         1.2359,
        1.01022,        36.9139,        14.3884,       -9.04947,        -0.3557,       -9.04947,        19.5762,      -0.827113,
       0.627706,        -2.9487,      -0.949684,         1.2359,      0.0678849,         1.2359,      -0.827113,        1.06338,
}


Inverse of Generalized rotation inertia tensor:
{
     0.00373927,    -0.00134066,    -0.00270363,    1.95031e+14,     -0.0216447,   -1.95031e+14,     0.00247721,    8.92267e-05,
    -0.00168562,     0.00652337,    -0.00118046,   -8.94606e+14,      0.0987561,    8.94606e+14,    -0.00501104,    -0.00698754,
    -0.00299531,   -0.000175862,      0.0214831,   -4.36079e+13,     -0.0305664,    4.36079e+13,     -0.0158519,      0.0130265,
    3.43661e+13,   -5.05955e+13,   -4.90606e+13,   -1.13799e+31,    1.65576e+15,    1.13799e+31,     5.9472e+13,   -1.30428e+13,
    -3.4087e-18,   -2.92118e-18,     3.0599e-17,     2.2518e+15,   -1.77252e-17,    -2.2518e+15,    2.36706e-17,   -1.23487e-15,
   -3.43661e+13,    5.05955e+13,    4.90606e+13,    1.13799e+31,   -1.65576e+15,   -1.13799e+31,    -5.9472e+13,    1.30428e+13,
     0.00143122,     -0.0047774,     -0.0149105,     2.3333e+14,     -0.0221813,    -2.3333e+14,       0.075489,      0.0227853,
    -0.00100478,    -0.00395111,      0.0137802,    2.35618e+14,      -0.036863,   -2.35618e+14,      0.0212865,        1.00635,
}

Generalized rotation inertia tensor:
{
        369.972,        7.15082,        45.9648,        22.8301,       -1.67861,        22.8301,        0.60112,       0.549605,
