Internal rotor C8-C9 of species butan-1-ol
          Angle         Potential          Series
              0,               0,        -11.7813
      0.0872665,         7.68162,         16.1654
       0.174533,         76.5967,         93.8852
       0.261799,         216.841,         205.516
       0.349066,         348.307,         331.747
       0.436332,         458.922,         456.914
       0.523599,         550.882,         573.587
       0.610865,          672.69,         682.699
       0.698132,         798.669,         789.466
       0.785398,         918.941,         897.399
       0.872665,         1011.12,         1003.52
       0.959931,          1085.3,         1097.16
         1.0472,         1139.51,          1162.8
        1.13446,         1179.46,         1185.63
        1.22173,         1177.04,         1157.22
          1.309,         1097.59,         1078.83
        1.39626,          952.96,         961.444
        1.48353,         816.446,         822.617
         1.5708,         686.956,         682.063
        1.65806,         552.199,         557.505
        1.74533,          451.24,         462.118
         1.8326,         405.589,          403.77
        1.91986,         395.494,         385.613
        2.00713,         416.124,         407.336
         2.0944,         450.582,         466.612
        2.18166,         552.418,         560.597
        2.26893,         692.882,         687.342
        2.35619,         859.024,         846.817
        2.44346,         1043.38,         1040.91
        2.53073,         1257.37,         1271.84
        2.61799,         1527.98,         1538.97
        2.70526,         1845.56,          1834.9
        2.79253,         2156.34,         2142.49
        2.87979,         2428.05,         2434.77
        2.96706,         2664.64,         2678.46
        3.05433,         2847.91,         2840.85
        3.14159,         2913.53,         2897.93
        3.22886,         2845.05,         2840.85
        3.31613,         2659.82,         2678.46
        3.40339,         2422.34,         2434.77
        3.49066,         2152.83,         2142.49
        3.57792,         1845.78,          1834.9
        3.66519,         1531.71,         1538.97
        3.75246,         1263.08,         1271.84
        3.83972,         1048.65,         1040.91
        3.92699,         860.122,         846.817
        4.01426,         690.029,         687.342
        4.10152,         548.248,         560.597
        4.18879,         448.168,         466.612
        4.27606,         416.783,         407.336
        4.36332,         399.225,         385.613
        4.45059,         411.296,          403.77
        4.53786,         456.508,         462.118
        4.62512,         555.491,         557.505
        4.71239,         687.176,         682.063
        4.79966,         813.813,         822.617
        4.88692,          948.57,         961.444
        4.97419,         1092.77,         1078.83
        5.06145,         1173.75,         1157.22
        5.14872,         1179.02,         1185.63
        5.23599,         1141.93,          1162.8
        5.32325,         1089.25,         1097.16
        5.41052,         1014.63,         1003.52
        5.49779,         918.941,         897.399
        5.58505,         795.157,         789.466
        5.67232,         668.301,         682.699
        5.75959,         547.809,         573.587
        5.84685,         458.702,         456.914
        5.93412,          350.94,         331.747
        6.02139,          221.45,         205.516
        6.10865,         81.2057,         93.8852
        6.19592,         10.5348,         16.1654

Internal rotor C3-C8 of species butoxy
          Angle         Potential          Series
              0,               0,        -11.7813
      0.0872665,         7.68162,         16.1654
       0.174533,         76.5967,         93.8852
       0.261799,         216.841,         205.516
       0.349066,         348.307,         331.747
       0.436332,         458.922,         456.914
       0.523599,         550.882,         573.587
       0.610865,          672.69,         682.699
       0.698132,         798.669,         789.466
       0.785398,         918.941,         897.399
       0.872665,         1011.12,         1003.52
       0.959931,          1085.3,         1097.16
         1.0472,         1139.51,          1162.8
        1.13446,         1179.46,         1185.63
        1.22173,         1177.04,         1157.22
          1.309,         1097.59,         1078.83
        1.39626,          952.96,         961.444
        1.48353,         816.446,         822.617
         1.5708,         686.956,         682.063
        1.65806,         552.199,         557.505
        1.74533,          451.24,         462.118
         1.8326,         405.589,          403.77
        1.91986,         395.494,         385.613
        2.00713,         416.124,         407.336
         2.0944,         450.582,         466.612
        2.18166,         552.418,         560.597
        2.26893,         692.882,         687.342
        2.35619,         859.024,         846.817
        2.44346,         1043.38,         1040.91
        2.53073,         1257.37,         1271.84
        2.61799,         1527.98,         1538.97
        2.70526,         1845.56,          1834.9
        2.79253,         2156.34,         2142.49
        2.87979,         2428.05,         2434.77
        2.96706,         2664.64,         2678.46
        3.05433,         2847.91,         2840.85
        3.14159,         2913.53,         2897.93
        3.22886,         2845.05,         2840.85
        3.31613,         2659.82,         2678.46
        3.40339,         2422.34,         2434.77
        3.49066,         2152.83,         2142.49
        3.57792,         1845.78,          1834.9
        3.66519,         1531.71,         1538.97
        3.75246,         1263.08,         1271.84
        3.83972,         1048.65,         1040.91
        3.92699,         860.122,         846.817
        4.01426,         690.029,         687.342
        4.10152,         548.248,         560.597
        4.18879,         448.168,         466.612
        4.27606,         416.783,         407.336
        4.36332,         399.225,         385.613
        4.45059,         411.296,          403.77
        4.53786,         456.508,         462.118
        4.62512,         555.491,         557.505
        4.71239,         687.176,         682.063
        4.79966,         813.813,         822.617
        4.88692,          948.57,         961.444
        4.97419,         1092.77,         1078.83
        5.06145,         1173.75,         1157.22
        5.14872,         1179.02,         1185.63
        5.23599,         1141.93,          1162.8
        5.32325,         1089.25,         1097.16
        5.41052,         1014.63,         1003.52
        5.49779,         918.941,         897.399
        5.58505,         795.157,         789.466
        5.67232,         668.301,         682.699
        5.75959,         547.809,         573.587
        5.84685,         458.702,         456.914
        5.93412,          350.94,         331.747
        6.02139,          221.45,         205.516
        6.10865,         81.2057,         93.8852
        6.19592,         10.5348,         16.1654


Generalized rotation inertia tensor:
{
        264.808,      -0.478052,       0.819469,       0.145837,    -0.00322253,       0.145837,       0.052119,
      -0.478052,        185.786,        100.959,       -4.47952,       -1.50983,       -4.47952,        1.91403,
       0.819469,        100.959,        91.7501,       -6.24892,        1.70327,       -6.24892,         1.1761,
       0.145837,       -4.47952,       -6.24892,        11.2895,        1.20831,        11.2895,      -0.447954,
    -0.00322253,       -1.50983,        1.70327,        1.20831,        3.12371,        1.20831,      -0.016542,
       0.145837,       -4.47952,       -6.24892,        11.2895,        1.20831,        11.2895,      -0.447954,
       0.052119,        1.91403,         1.1761,      -0.447954,      -0.016542,      -0.447954,        0.80506,
}


Inverse of Generalized rotation inertia tensor:
{
     0.00377631,   -0.000472039,   -8.85074e-05,   -2.04971e+14,              0,    2.04971e+14,      0.0906316,
              0,     -0.0653039,      -0.016326,   -3.95393e+16,              0,    3.95393e+16,        25.0767,
              0,      0.0950265,      0.0237566,    5.37203e+16,              0,   -5.37203e+16,       -24.3268,
   -5.32008e+13,    -2.2589e+15,    2.81475e+14,   -7.68183e+32,   -3.32292e+15,    7.68183e+32,    2.21443e+17,
    -0.00549461,      -0.221891,             -0,   -8.16603e+16,      0.0109061,    8.16603e+16,        23.5207,
    5.32008e+13,     2.2589e+15,   -2.81475e+14,    7.68183e+32,    3.32292e+15,   -7.68183e+32,   -2.21443e+17,
              0,              0,              0,     4.5036e+15,              0,    -4.5036e+15,              0,
}

Generalized rotation inertia tensor:
{
        263.361,       -8.02108,        11.4567,        3.85063,       -0.16798,        3.85063,      0.0911488,
       -8.02108,        186.869,        99.9095,       -4.84508,       -1.50103,       -4.84508,        1.91385,
        11.4567,        99.9095,        91.3857,       -6.19364,        1.70259,       -6.19364,        1.17516,
        3.85063,       -4.84508,       -6.19364,        11.3722,        1.20815,        11.3722,      -0.449196,
       -0.16798,       -1.50103,        1.70259,        1.20815,        3.12345,        1.20815,     -0.0166776,
        3.85063,       -4.84508,       -6.19364,        11.3722,        1.20815,        11.3722,      -0.449196,
      0.0911488,        1.91385,        1.17516,      -0.449196,     -0.0166776,      -0.449196,       0.805202,
}


Inverse of Generalized rotation inertia tensor:
{
     0.00395909,     0.00123855,    -0.00203613,              0,     0.00279239,   -0.000966255,     -0.0016362,
     0.00123855,      0.0142264,     -0.0162555,              0,      0.0178699,      0.0044137,     -0.0129969,
    -0.00203613,     -0.0162555,      0.0304238,              0,     -0.0297384,   -1.55619e-05,     0.00140746,
    0.000419262,   -0.000749699,     0.00216362,    -5.6295e+14,     -0.0198657,     5.6295e+14,     0.00373638,
     0.00279239,      0.0178699,     -0.0297384,              0,       0.363938,     -0.0489489,     -0.0191574,
    -0.00270235,    -0.00487364,      0.0113848,     5.6295e+14,     -0.0290832,    -5.6295e+14,      0.0453498,
     -0.0016362,     -0.0129969,     0.00140746,              0,     -0.0191574,      0.0490862,        1.29793,
}

Generalized rotation inertia tensor:
{
        259.394,       -14.7993,        21.7502,        7.43567,       -0.33256,        7.43567,       0.124502,
       -14.7993,        189.788,        97.0287,       -5.84842,       -1.47996,       -5.84842,        1.91644,
        21.7502,        97.0287,        90.3377,       -6.03464,        1.69932,       -6.03464,        1.17032,
        7.43567,       -5.84842,       -6.03464,        11.6101,        1.20654,        11.6101,      -0.453345,
       -0.33256,       -1.47996,        1.69932,        1.20654,        3.12252,        1.20654,     -0.0169401,
        7.43567,       -5.84842,       -6.03464,        11.6101,        1.20654,        11.6101,      -0.453345,
       0.124502,        1.91644,        1.17032,      -0.453345,     -0.0169401,      -0.453345,       0.805563,
}


Inverse of Generalized rotation inertia tensor:
{
     0.00439727,     0.00216852,    -0.00382503,   -2.16161e+12,     0.00481893,    2.16161e+12,              0,
     0.00222602,      0.0133561,     -0.0153834,    6.80108e+14,      0.0159001,   -6.80108e+14,              0,
    -0.00380809,     -0.0152324,      0.0299887,   -7.33072e+14,      -0.027926,    7.33072e+14,              0,
    9.69649e+12,    4.27125e+13,   -2.29669e+12,     1.5638e+31,    6.31261e+13,    -1.5638e+31,    -4.5036e+15,
     0.00524464,      0.0167195,     -0.0292503,   -6.31261e+13,       0.363156,    6.31261e+13,              0,
   -9.69649e+12,   -4.27125e+13,    2.29669e+12,    -1.5638e+31,   -6.31261e+13,     1.5638e+31,     4.5036e+15,
              0,              0,              0,     4.5036e+15,              0,    -4.5036e+15,              0,
}

Generalized rotation inertia tensor:
{
        253.288,       -20.1683,        31.3869,         10.792,      -0.497334,         10.792,       0.148503,
       -20.1683,        194.194,        92.4042,       -7.45905,       -1.44589,       -7.45905,        1.92126,
        31.3869,        92.4042,        88.6378,       -5.77674,        1.69335,       -5.77674,         1.1596,
         10.792,       -7.45905,       -5.77674,        11.9959,        1.20343,        11.9959,       -0.46061,
      -0.497334,       -1.44589,        1.69335,        1.20343,         3.1209,        1.20343,     -0.0172788,
         10.792,       -7.45905,       -5.77674,        11.9959,        1.20343,        11.9959,       -0.46061,
       0.148503,        1.92126,         1.1596,       -0.46061,     -0.0172788,       -0.46061,       0.806076,
}


Inverse of Generalized rotation inertia tensor:
{
     0.00512015,     0.00296105,     -0.0054286,   -2.64046e+12,     0.00690912,    2.64046e+12,              0,
     0.00312818,      0.0131713,     -0.0144473,   -5.41548e+13,       0.015147,    5.41548e+13,              0,
    -0.00570437,     -0.0152116,       0.029631,   -1.27953e+12,      -0.027888,    1.27953e+12,              0,
    1.26717e+13,     3.9108e+13,     1.8069e+12,    1.56552e+31,    5.78242e+13,   -1.56552e+31,    -4.5036e+15,
     0.00748028,      0.0152395,     -0.0285461,   -5.78242e+13,       0.362423,    5.78242e+13,              0,
   -1.26717e+13,    -3.9108e+13,    -1.8069e+12,   -1.56552e+31,   -5.78242e+13,    1.56552e+31,     4.5036e+15,
              0,              0,              0,     4.5036e+15,              0,    -4.5036e+15,              0,
}

Generalized rotation inertia tensor:
{
        245.627,       -23.6424,        40.0743,        13.8177,      -0.662378,        13.8177,       0.161792,
       -23.6424,        199.555,        86.1766,       -9.62803,       -1.39751,       -9.62803,        1.92766,
        40.0743,        86.1766,        86.3378,       -5.42779,        1.68449,       -5.42779,        1.14083,
        13.8177,       -9.62803,       -5.42779,         12.518,        1.19873,         12.518,      -0.471139,
      -0.662378,       -1.39751,        1.68449,        1.19873,        3.11855,        1.19873,     -0.0176328,
        13.8177,       -9.62803,       -5.42779,         12.518,        1.19873,         12.518,      -0.471139,
       0.161792,        1.92766,        1.14083,      -0.471139,     -0.0176328,      -0.471139,       0.806655,
}


Inverse of Generalized rotation inertia tensor:
{
     0.00646415,   -0.000454919,     -0.0171492,    1.53559e+14,     -0.0123278,   -1.53559e+14,              0,
      0.0023977,      0.0112485,     -0.0137545,   -9.89623e+13,      0.0780587,    9.89623e+13,              0,
    -0.00632399,     -0.0132817,      0.0303587,   -9.23324e+11,     -0.0808976,    9.23324e+11,              0,
   -1.84206e+13,   -1.16895e+13,    1.03432e+14,    1.56761e+31,   -1.20753e+15,   -1.56761e+31,    -4.5036e+15,
     0.00951003,      0.0134929,     -0.0279874,   -5.09553e+13,       0.365643,    5.09553e+13,              0,
    1.84206e+13,    1.16895e+13,   -1.03432e+14,   -1.56761e+31,    1.20753e+15,    1.56761e+31,     4.5036e+15,
    -0.00940364,      -0.013342,      0.0276743,     4.5036e+15,      -0.361552,    -4.5036e+15,              0,
}

Generalized rotation inertia tensor:
{
        237.125,       -24.9488,        47.5482,        16.4207,      -0.827267,        16.4207,       0.164999,
       -24.9488,        205.227,         78.535,       -12.2895,       -1.33288,       -12.2895,        1.93501,
        47.5482,         78.535,        83.5075,       -4.99839,        1.67246,       -4.99839,        1.11265,
        16.4207,       -12.2895,       -4.99839,        13.1604,         1.1923,        13.1604,      -0.484887,
      -0.827267,       -1.33288,        1.67246,         1.1923,        3.11542,         1.1923,     -0.0179481,
        16.4207,       -12.2895,       -4.99839,        13.1604,         1.1923,        13.1604,      -0.484887,
       0.164999,        1.93501,        1.11265,      -0.484887,     -0.0179481,      -0.484887,       0.807227,
}


Inverse of Generalized rotation inertia tensor:
{
     0.00793651,    0.000328813,   -0.000788621,   -2.06112e+15,      0.0106496,    2.06112e+15,              0,
   -0.000242111,     0.00851709,     -0.0169363,    1.16351e+15,    -0.00795341,   -1.16351e+15,              0,
    -0.00757119,     -0.0100942,       0.030281,   -7.28163e+14,   -7.81804e-05,    7.28163e+14,              0,
    5.27859e+13,    6.89878e+13,   -7.98496e+13,     1.5698e+31,    1.30003e+15,    -1.5698e+31,    -4.5036e+15,
       0.010874,      0.0110291,     -0.0264521,   -4.29277e+13,       0.357212,    4.29277e+13,              0,
   -5.27859e+13,   -6.89878e+13,    7.98496e+13,    -1.5698e+31,   -1.30003e+15,     1.5698e+31,     4.5036e+15,
      0.0109786,      0.0111353,     -0.0267067,     4.5036e+15,        0.36065,    -4.5036e+15,              0,
}

Generalized rotation inertia tensor:
{
        228.551,       -24.0554,        53.5817,        18.5221,      -0.990809,        18.5221,       0.159927,
       -24.0554,        210.526,        69.7117,       -15.3625,       -1.24946,       -15.3625,        1.94291,
        53.5817,        69.7117,        80.2329,       -4.50159,         1.6569,       -4.50159,        1.07484,
        18.5221,       -15.3625,       -4.50159,        13.9037,        1.18399,        13.9037,       -0.50155,
      -0.990809,       -1.24946,         1.6569,        1.18399,        3.11143,        1.18399,     -0.0181861,
        18.5221,       -15.3625,       -4.50159,        13.9037,        1.18399,        13.9037,       -0.50155,
       0.159927,        1.94291,        1.07484,       -0.50155,     -0.0181861,       -0.50155,       0.807742,
}


Inverse of Generalized rotation inertia tensor:
{
     0.00843587,     0.00337435,    -0.00843587,    1.21951e+14,       0.010123,   -1.21951e+14,              0,
     0.00328506,     0.00657012,     -0.0109502,   -9.96467e+13,     0.00876016,    9.96467e+13,              0,
    -0.00879737,    -0.00879737,      0.0289057,   -1.17781e+12,     -0.0251353,    1.17781e+12,              0,
     1.3365e+13,    2.58979e+13,     1.9891e+13,    1.57187e+31,    3.41011e+13,   -1.57187e+31,    -4.5036e+15,
       0.012198,     0.00871522,     -0.0257067,   -3.41011e+13,       0.359815,    3.41011e+13,              0,
    -1.3365e+13,   -2.58979e+13,    -1.9891e+13,   -1.57187e+31,   -3.41011e+13,    1.57187e+31,     4.5036e+15,
              0,              0,              0,     4.5036e+15,              0,    -4.5036e+15,              0,
}

Generalized rotation inertia tensor:
{
        220.644,       -21.1714,        57.9914,        20.0579,       -1.15071,        20.0579,       0.148788,
       -21.1714,        214.814,        59.9748,       -18.7537,        -1.1442,       -18.7537,        1.95111,
        57.9914,        59.9748,        76.6136,       -3.95247,        1.63737,       -3.95247,        1.02832,
        20.0579,       -18.7537,       -3.95247,        14.7252,        1.17358,        14.7252,      -0.520593,
       -1.15071,        -1.1442,        1.63737,        1.17358,        3.10651,        1.17358,     -0.0183245,
        20.0579,       -18.7537,       -3.95247,        14.7252,        1.17358,        14.7252,      -0.520593,
       0.148788,        1.95111,        1.02832,      -0.520593,     -0.0183245,      -0.520593,        0.80817,
}


Inverse of Generalized rotation inertia tensor:
{
     0.00662452,      0.0064996,    -0.00674444,    1.16889e+14,     0.00944035,   -1.16889e+14,     -0.0217143,
      0.0040429,     0.00852814,     -0.0148865,     2.4241e+15,       0.132041,    -2.4241e+15,       -1.10232,
      -0.010014,     -0.0100124,      0.0300333,   -1.44396e+15,      -0.160265,    1.44396e+15,       0.640851,
    6.38987e+13,    5.84077e+13,   -4.22053e+13,    1.57361e+31,    1.29565e+15,   -1.57361e+31,   -7.42688e+15,
      0.0248597,      0.0169488,     -0.0324537,    2.89853e+15,       0.597822,   -2.89853e+15,       -1.37509,
   -6.38987e+13,   -5.84077e+13,    4.22053e+13,   -1.57361e+31,   -1.29565e+15,    1.57361e+31,    7.42688e+15,
      0.0151251,       0.010312,     -0.0197454,     4.5036e+15,       0.363727,    -4.5036e+15,      -0.836631,
}

Generalized rotation inertia tensor:
{
         214.03,       -16.7186,        60.6432,        20.9815,       -1.30312,        20.9815,       0.133722,
       -16.7186,        217.574,          49.62,       -22.3601,       -1.01359,       -22.3601,         1.9595,
        60.6432,          49.62,        72.7594,       -3.36774,        1.61338,       -3.36774,       0.974877,
        20.9815,       -22.3601,       -3.36774,        15.6001,        1.16085,        15.6001,      -0.541302,
       -1.30312,       -1.01359,        1.61338,        1.16085,        3.10058,        1.16085,     -0.0183536,
        20.9815,       -22.3601,       -3.36774,        15.6001,        1.16085,        15.6001,      -0.541302,
       0.133722,         1.9595,       0.974877,      -0.541302,     -0.0183536,      -0.541302,       0.808498,
}


Inverse of Generalized rotation inertia tensor:
{
     0.00870693,     0.00155375,    -0.00916981,              0,       0.013626,     -0.0187126,    -0.00224534,
     0.00155375,     0.00664503,    -0.00556111,              0,     0.00352346,      0.0479576,    -0.00571087,
    -0.00916981,    -0.00556111,      0.0263668,              0,     -0.0237495,    -0.00661387,    -0.00964664,
     0.00167638,    0.000283285,    0.000355755,    -1.1259e+15,     0.00411959,     1.1259e+15,       -0.67462,
       0.013626,     0.00352346,     -0.0237495,             -0,       0.358671,     -0.0452425,    -0.00430482,
     -0.0142313,     0.00549065,       0.011131,     1.1259e+15,     -0.0493621,    -1.1259e+15,        0.71238,
    -0.00224534,    -0.00571087,    -0.00964664,             -0,    -0.00430482,      0.0377602,        1.28789,
}

Generalized rotation inertia tensor:
{
        209.158,       -11.2785,        61.4567,        21.2648,        -1.4421,        21.2648,       0.116598,
       -11.2785,        218.474,        38.9621,       -26.0721,      -0.854032,       -26.0721,        1.96806,
        61.4567,        38.9621,        68.7875,       -2.76514,        1.58439,       -2.76514,       0.916819,
        21.2648,       -26.0721,       -2.76514,        16.5016,        1.14555,        16.5016,      -0.562865,
        -1.4421,      -0.854032,        1.58439,        1.14555,        3.09355,        1.14555,     -0.0182727,
        21.2648,       -26.0721,       -2.76514,        16.5016,        1.14555,        16.5016,      -0.562865,
       0.116598,        1.96806,       0.916819,      -0.562865,     -0.0182727,      -0.562865,       0.808726,
}


Inverse of Generalized rotation inertia tensor:
{
     0.00892721,    0.000592298,     -0.0091414,              0,      0.0138516,   -1.95243e-05,    -0.00117083,
    0.000592298,     0.00632062,    -0.00371943,              0,    0.000798332,      -0.014345,    -0.00541389,
     -0.0091414,    -0.00371943,      0.0259533,              0,     -0.0228873,    -0.00526047,     -0.0116041,
     -0.0131016,      0.0083598,      0.0114455,    -4.5036e+15,     -0.0453567,     4.5036e+15,      0.0350233,
      0.0138516,    0.000798332,     -0.0228873,             -0,        0.35844,     -0.0453567,    -0.00146247,
              0,              0,              0,     4.5036e+15,              0,    -4.5036e+15,              0,
    -0.00117083,    -0.00541389,     -0.0116041,              0,    -0.00146247,      0.0350233,        1.28735,
}

Generalized rotation inertia tensor:
{
        206.258,       -5.52082,        60.4071,        20.8993,       -1.55898,        20.8993,      0.0989663,
       -5.52082,        217.405,        28.3248,       -29.7769,      -0.662299,       -29.7769,        1.97675,
        60.4071,        28.3248,        64.8186,         -2.163,        1.54996,         -2.163,       0.856724,
        20.8993,       -29.7769,         -2.163,        17.4025,        1.12747,        17.4025,      -0.584432,
       -1.55898,      -0.662299,        1.54996,        1.12747,        3.08538,        1.12747,     -0.0180874,
        20.8993,       -29.7769,         -2.163,        17.4025,        1.12747,        17.4025,      -0.584432,
      0.0989663,        1.97675,       0.856724,      -0.584432,     -0.0180874,      -0.584432,       0.808861,
}


Inverse of Generalized rotation inertia tensor:
{
       0.008903,    -0.00040611,    -0.00889506,      0.0775729,      0.0137712,     -0.0775882,   -3.93002e-05,
    -0.00040611,     0.00641476,    -0.00193154,      -0.252602,    -0.00197037,       0.239527,    -0.00555846,
    -0.00889506,    -0.00193154,      0.0256535,              0,     -0.0220938,    -0.00375935,     -0.0135163,
     -0.0133859,      0.0111647,      0.0115434,    -4.5036e+15,     -0.0458344,     4.5036e+15,      0.0319974,
      0.0137712,    -0.00197037,     -0.0220938,             -0,       0.358501,     -0.0458344,     0.00143123,
              0,              0,              0,     4.5036e+15,              0,    -4.5036e+15,              0,
   -3.93002e-05,    -0.00555846,     -0.0135163,              0,     0.00143123,      0.0319974,        1.28736,
}

Generalized rotation inertia tensor:
{
        205.321,      -0.122197,        57.5263,        19.8959,       -1.64174,        19.8959,      0.0820866,
      -0.122197,        214.496,        18.0314,       -33.3619,      -0.436523,       -33.3619,        1.98553,
        57.5263,        18.0314,        60.9733,        -1.5796,        1.50985,        -1.5796,       0.797199,
        19.8959,       -33.3619,        -1.5796,        18.2753,        1.10651,        18.2753,      -0.605181,
       -1.64174,      -0.436523,        1.50985,        1.10651,        3.07609,        1.10651,     -0.0178083,
        19.8959,       -33.3619,        -1.5796,        18.2753,        1.10651,        18.2753,      -0.605181,
      0.0820866,        1.98553,       0.797199,      -0.605181,     -0.0178083,      -0.605181,       0.808913,
}


Inverse of Generalized rotation inertia tensor:
{
     0.00974084,              0,              0,   -1.80052e+12,              0,    1.80052e+12,              0,
              0,              0,              0,   -1.83467e+15,              0,    1.83467e+15,              0,
              0,              0,              0,   -3.38916e+14,              0,    3.38916e+14,              0,
     7.6251e+14,    -4.5036e+15,   -1.12331e+16,   -3.29216e+33,    3.19186e+15,    3.29216e+33,    9.41491e+17,
      0.0125673,             -0,     -0.0094635,    3.48693e+15,       0.355477,   -3.48693e+15,      -0.992824,
    -7.6251e+14,     4.5036e+15,    1.12331e+16,    3.29216e+33,   -3.19186e+15,   -3.29216e+33,   -9.41491e+17,
              0,              0,              0,     4.5036e+15,              0,    -4.5036e+15,              0,
}

Generalized rotation inertia tensor:
{
        206.114,        4.31487,        52.9018,        18.2853,       -1.67472,        18.2853,      0.0669631,
        4.31487,        210.098,        8.39462,       -36.7183,      -0.177682,       -36.7183,        1.99428,
        52.9018,        8.39462,        57.3684,       -1.03268,        1.46428,       -1.03268,       0.740708,
        18.2853,       -36.7183,       -1.03268,        19.0936,        1.08279,        19.0936,      -0.624368,
       -1.67472,      -0.177682,        1.46428,        1.08279,         3.0658,        1.08279,     -0.0174506,
        18.2853,       -36.7183,       -1.03268,        19.0936,        1.08279,        19.0936,      -0.624368,
      0.0669631,        1.99428,       0.740708,      -0.624368,     -0.0174506,      -0.624368,       0.808896,
}


Inverse of Generalized rotation inertia tensor:
{
     0.00811139,    -0.00242584,    -0.00727751,   -1.46314e+12,      0.0127356,    1.46314e+12,              0,
    -0.00210573,     0.00842294,             -0,   -7.65115e+13,     -0.0101075,    7.65115e+13,             -0,
    -0.00769057,     0.00128176,      0.0249028,   -6.33035e+13,     -0.0206913,    6.33035e+13,              0,
   -6.86601e+12,    2.51638e+13,     5.9873e+13,    1.57343e+31,   -2.55793e+13,   -1.57343e+31,    -4.5036e+15,
      0.0126261,    -0.00753611,     -0.0205805,    2.55793e+13,       0.359451,   -2.55793e+13,             -0,
    6.86601e+12,   -2.51638e+13,    -5.9873e+13,   -1.57343e+31,    2.55793e+13,    1.57343e+31,     4.5036e+15,
              0,              0,              0,     4.5036e+15,              0,    -4.5036e+15,              0,
}

Generalized rotation inertia tensor:
{
        208.217,        7.33315,        46.6742,        16.1163,       -1.63918,        16.1163,      0.0543509,
        7.33315,         204.74,      -0.292728,       -39.7439,       0.108277,       -39.7439,         2.0028,
        46.6742,      -0.292728,        54.1134,      -0.538849,        1.41427,      -0.538849,       0.689442,
        16.1163,       -39.7439,      -0.538849,        19.8324,        1.05684,        19.8324,      -0.641369,
       -1.63918,       0.108277,        1.41427,        1.05684,        3.05483,        1.05684,     -0.0170352,
        16.1163,       -39.7439,      -0.538849,        19.8324,        1.05684,        19.8324,      -0.641369,
      0.0543509,         2.0028,       0.689442,      -0.641369,     -0.0170352,      -0.641369,       0.808828,
}


Inverse of Generalized rotation inertia tensor:
{
     0.00750418,    -0.00300167,    -0.00720401,    -1.7421e+14,      0.0114064,     1.7421e+14,              0,
    -0.00310085,       0.010853,      0.0124034,    8.21635e+14,    -0.00930255,   -8.21635e+14,             -0,
    -0.00694835,     0.00356326,      0.0256554,    1.32665e+14,     -0.0192416,   -1.32665e+14,              0,
   -9.12298e+12,    3.00777e+13,    6.56054e+13,    1.57149e+31,   -3.57551e+13,   -1.57149e+31,    -4.5036e+15,
      0.0115002,      -0.010273,     -0.0198853,    3.57551e+13,       0.360276,   -3.57551e+13,             -0,
    9.12298e+12,   -3.00777e+13,   -6.56054e+13,   -1.57149e+31,    3.57551e+13,    1.57149e+31,     4.5036e+15,
              0,              0,              0,     4.5036e+15,              0,    -4.5036e+15,              0,
}

Generalized rotation inertia tensor:
{
        211.083,         8.6735,        39.0326,        13.4549,       -1.51554,        13.4549,      0.0447311,
         8.6735,        199.068,       -7.76668,        -42.347,       0.407931,        -42.347,        2.01082,
        39.0326,       -7.76668,        51.3073,      -0.113116,        1.36206,      -0.113116,       0.645228,
        13.4549,        -42.347,      -0.113116,        20.4693,        1.02979,        20.4693,       -0.65571,
       -1.51554,       0.407931,        1.36206,        1.02979,        3.04371,        1.02979,     -0.0165891,
        13.4549,        -42.347,      -0.113116,        20.4693,        1.02979,        20.4693,       -0.65571,
      0.0447311,        2.01082,       0.645228,       -0.65571,     -0.0165891,       -0.65571,       0.808728,
}


Inverse of Generalized rotation inertia tensor:
{
     0.00651613,    -0.00237146,    -0.00592591,   -9.54368e+11,    7.65508e-05,    9.54368e+11,              0,
    0.000152848,      0.0114575,      0.0113599,   -6.91353e+13,     0.00554541,    6.91353e+13,             -0,
    -0.00542405,     0.00257408,      0.0248555,   -7.87419e+13,     0.00631596,    7.87419e+13,              0,
   -4.47502e+13,    8.06833e+13,    1.37775e+14,    1.56917e+31,    -1.3041e+15,   -1.56917e+31,    -4.5036e+15,
     0.00985632,     -0.0127382,     -0.0190318,    4.54599e+13,       0.357592,   -4.54599e+13,             -0,
    4.47502e+13,   -8.06833e+13,   -1.37775e+14,   -1.56917e+31,     1.3041e+15,    1.56917e+31,     4.5036e+15,
    -0.00995683,      0.0128681,      0.0192259,     4.5036e+15,      -0.361238,    -4.5036e+15,              0,
}

Generalized rotation inertia tensor:
{
        214.114,        8.30292,        30.2093,        10.3819,       -1.28813,        10.3819,      0.0382603,
        8.30292,        193.765,       -13.8001,       -44.4484,       0.698479,       -44.4484,          2.018,
        30.2093,       -13.8001,        49.0353,       0.231585,        1.31143,       0.231585,       0.609484,
        10.3819,       -44.4484,       0.231585,         20.985,        1.00355,         20.985,      -0.667073,
       -1.28813,       0.698479,        1.31143,        1.00355,        3.03326,        1.00355,     -0.0161456,
        10.3819,       -44.4484,       0.231585,         20.985,        1.00355,         20.985,      -0.667073,
      0.0382603,          2.018,       0.609484,      -0.667073,     -0.0161456,      -0.667073,       0.808617,
}


Inverse of Generalized rotation inertia tensor:
{
     0.00583676,    -0.00266168,    -0.00437663,   -3.37343e+14,   -6.36812e-05,    3.37343e+14,    8.68118e-05,
    -0.00289081,      0.0123523,     0.00573074,    1.53943e+15,    -0.00531517,   -1.53943e+15,     0.00724576,
    -0.00462288,     0.00555537,      0.0250902,    3.16218e+14,    -0.00652563,   -3.16218e+14,     0.00889589,
    1.47935e+13,    4.67669e+12,    3.86659e+13,    1.56672e+31,    1.18559e+15,   -1.56672e+31,   -6.19368e+15,
     0.00965533,     -0.0148058,     -0.0145778,    1.74426e+15,       0.494402,   -1.74426e+15,       -0.67398,
   -1.47935e+13,   -4.67669e+12,   -3.86659e+13,   -1.56672e+31,   -1.18559e+15,    1.56672e+31,    6.19368e+15,
     0.00695979,     -0.0106724,      -0.010508,     4.5036e+15,       0.356376,    -4.5036e+15,      -0.485821,
}

Generalized rotation inertia tensor:
{
        216.741,        6.41463,        20.4724,        6.99063,      -0.952514,        6.99063,      0.0347198,
        6.41463,         189.47,       -18.2098,       -45.9842,        0.94825,       -45.9842,        2.02395,
        20.4724,       -18.2098,        47.3664,        0.48478,        1.26764,        0.48478,        0.58322,
        6.99063,       -45.9842,        0.48478,        21.3638,       0.980783,        21.3638,      -0.675285,
      -0.952514,        0.94825,        1.26764,       0.980783,        3.02449,       0.980783,     -0.0157429,
        6.99063,       -45.9842,        0.48478,        21.3638,       0.980783,        21.3638,      -0.675285,
      0.0347198,        2.02395,        0.58322,      -0.675285,     -0.0157429,      -0.675285,       0.808516,
}


Inverse of Generalized rotation inertia tensor:
{
     0.00515449,   -0.000865089,    -0.00201854,    1.65508e+14,     0.00519053,   -1.65508e+14,     -0.0553657,
    -0.00202961,      0.0054123,             -0,   -6.59491e+13,     -0.0162369,    6.59491e+13,       0.346387,
      -0.002747,       0.002747,       0.021976,   -4.80551e+14,     -0.0151085,    4.80551e+14,       0.175808,
   -7.15751e+12,    4.70805e+13,    7.86698e+13,    1.56452e+31,   -6.12207e+13,   -1.56452e+31,    -4.5036e+15,
      0.0047103,     -0.0113355,    -0.00859372,    1.95479e+15,       0.355667,   -1.95479e+15,      -0.545082,
    7.15751e+12,   -4.70805e+13,   -7.86698e+13,   -1.56452e+31,    6.12207e+13,    1.56452e+31,     4.5036e+15,
              0,              0,              0,     4.5036e+15,              0,    -4.5036e+15,              0,
}

Generalized rotation inertia tensor:
{
        218.497,        3.40026,        10.1176,        3.38423,      -0.523018,        3.38423,      0.0335029,
        3.40026,        186.699,       -20.8617,       -46.9078,        1.12169,       -46.9078,        2.02831,
        10.1176,       -20.8617,        46.3514,       0.638775,        1.23661,       0.638775,       0.567082,
        3.38423,       -46.9078,       0.638775,        21.5942,       0.964498,        21.5942,      -0.680275,
      -0.523018,        1.12169,        1.23661,       0.964498,        3.01846,       0.964498,     -0.0154209,
        3.38423,       -46.9078,       0.638775,        21.5942,       0.964498,        21.5942,      -0.680275,
      0.0335029,        2.02831,       0.567082,      -0.680275,     -0.0154209,      -0.680275,       0.808444,
}


Inverse of Generalized rotation inertia tensor:
{
     0.00436219,     0.00114418,     0.00228836,    9.88672e+14,    -0.00228836,   -9.88672e+14,      -0.219683,
     0.00266181,             -0,      -0.042589,   -1.23407e+16,       0.042589,    1.23407e+16,         2.7257,
              0,     -0.0109488,              0,   -6.39737e+15,      0.0218976,    6.39737e+15,        1.40145,
    3.18955e+13,   -4.58604e+14,   -7.30826e+14,   -1.41201e+32,     5.9516e+14,    1.41201e+32,    4.06869e+16,
    -0.00129175,      0.0411803,      0.0769204,    1.83588e+16,       0.286554,   -1.83588e+16,       -5.27108,
   -3.18955e+13,    4.58604e+14,    7.30826e+14,    1.41201e+32,    -5.9516e+14,   -1.41201e+32,   -4.06869e+16,
              0,              0,              0,     4.5036e+15,              0,    -4.5036e+15,              0,
}

Generalized rotation inertia tensor:
{
        219.081,      -0.202385,      -0.540326,      -0.327758,     -0.0358526,      -0.327758,      0.0336707,
      -0.202385,        185.784,       -21.6751,       -47.1911,         1.1891,       -47.1911,        2.03082,
      -0.540326,       -21.6751,         46.021,       0.688893,        1.22335,       0.688893,        0.56142,
      -0.327758,       -47.1911,       0.688893,        21.6692,       0.957256,        21.6692,      -0.682027,
     -0.0358526,         1.1891,        1.22335,       0.957256,        3.01601,       0.957256,     -0.0152149,
      -0.327758,       -47.1911,       0.688893,        21.6692,       0.957256,        21.6692,      -0.682027,
      0.0336707,        2.03082,        0.56142,      -0.682027,     -0.0152149,      -0.682027,       0.808414,
}


Inverse of Generalized rotation inertia tensor:
{
     0.00456453,              0,              0,   -6.92162e+11,              0,    6.92162e+11,              0,
              0,              0,              0,   -1.79272e+15,              0,    1.79272e+15,              0,
              0,              0,              0,   -7.95712e+14,              0,    7.95712e+14,              0,
    3.59857e+13,    2.10973e+15,     3.3071e+15,    6.32274e+32,    -2.7349e+15,   -6.32274e+32,   -1.82264e+17,
    -0.00187763,      -0.123726,      -0.182351,   -3.14292e+16,        0.50009,    3.14292e+16,        9.07949,
   -3.59857e+13,   -2.10973e+15,    -3.3071e+15,   -6.32274e+32,     2.7349e+15,    6.32274e+32,    1.82264e+17,
              0,              0,              0,     4.5036e+15,              0,    -4.5036e+15,              0,
}

Generalized rotation inertia tensor:
{
        218.393,       -3.77947,       -11.1776,       -4.03255,       0.456797,       -4.03255,      0.0340893,
       -3.77947,        186.836,       -20.6255,       -46.8255,        1.13737,       -46.8255,        2.03136,
       -11.1776,       -20.6255,        46.3854,       0.633609,        1.23019,       0.633609,       0.566354,
       -4.03255,       -46.8255,       0.633609,        21.5865,       0.960267,        21.5865,      -0.680538,
       0.456797,        1.13737,        1.23019,       0.960267,        3.01753,       0.960267,     -0.0151481,
       -4.03255,       -46.8255,       0.633609,        21.5865,       0.960267,        21.5865,      -0.680538,
